
    -------------------------------------------------------------
    -------------- Model input ----------------------------------
    -------------------------------------------------------------

    Model parameters:

    +---------------+---------+
    | Parameter     |   Value |
    |---------------+---------|
    | w [m]         |     100 |
    | h [m]         |      10 |
    | d [m]         |       5 |
    | t [m]         |     0.5 |
    | thickness [m] |       1 |
    | kx [m/day]    |      20 |
    | ky [m/day]    |      20 |
    +---------------+---------+

    Model boundary conditions:

    +----------+--------------------+
    |   Marker |   Piezometric head |
    |----------+--------------------|
    |       10 |                 10 |
    |       20 |                  0 |
    +----------+--------------------+

    -------------------------------------------------------------
    -------------- Results --------------------------------------
    -------------------------------------------------------------

    Model info:

    +---------------------+-----+
    | Max element size:   |   2 |
    | Dofs per node:      |   1 |
    | Element type:       |   3 |
    | Number of dofs:     | 422 |
    | Number of elements: | 359 |
    | Number of nodes:    | 422 |
    +---------------------+-----+

    Summary of results:

    +------------------------+---------+---------+
    | Max piezometric head:  |  10.000 | [m]     |
    | Min piezometric head:  |   0.000 | [m]     |
    | Max boundary flow:     |  18.314 | [m/day] |
    | Min boundary flow:     | -18.443 | [m/day] |
    | Sum boundary flow:     |  -0.000 | [m/day] |
    | Max resulting gw flow: |  32.534 | [m/day] |
    | Min resulting gw flow: |   0.002 | [m/day] |
    +------------------------+---------+---------+

    Results per node:

    +-----+-------+-----------+------------+--------+-----------+
    |   N |   dof |   x_coord |    y_coord |   P.h. |      q BC |
    |     |       |       [m] |        [m] |    [m] |   [m/day] |
    |-----+-------+-----------+------------+--------+-----------|
    |   1 |     1 |       0.0 |        0.0 |  9.996 |     0.000 |
    |   2 |     2 |     100.0 |        0.0 |  0.004 |     0.000 |
    |   3 |     3 |     100.0 |       10.0 |  0.000 |    -0.012 |
    |   4 |     4 |      50.2 |       10.0 |  0.000 |   -10.920 |
    |   5 |     5 |      50.2 |        5.0 |  4.064 |    -0.000 |
    |   6 |     6 |      49.8 |        5.0 |  5.950 |     0.000 |
    |   7 |     7 |      49.8 |       10.0 | 10.000 |    10.765 |
    |   8 |     8 |       0.0 |       10.0 | 10.000 |     0.012 |
    |   9 |     9 |       2.0 |        0.0 |  9.996 |    -0.000 |
    |  10 |    10 |       4.0 |        0.0 |  9.995 |     0.000 |
    |  11 |    11 |       6.0 |        0.0 |  9.995 |     0.000 |
    |  12 |    12 |       8.0 |        0.0 |  9.992 |     0.000 |
    |  13 |    13 |      10.0 |        0.0 |  9.991 |    -0.000 |
    |  14 |    14 |      12.0 |        0.0 |  9.986 |    -0.000 |
    |  15 |    15 |      14.0 |        0.0 |  9.983 |     0.000 |
    |  16 |    16 |      16.0 |        0.0 |  9.975 |     0.000 |
    |  17 |    17 |      18.0 |        0.0 |  9.968 |     0.000 |
    |  18 |    18 |      20.0 |        0.0 |  9.953 |     0.000 |
    |  19 |    19 |      22.0 |        0.0 |  9.938 |    -0.000 |
    |  20 |    20 |      24.0 |        0.0 |  9.910 |     0.000 |
    |  21 |    21 |      26.0 |        0.0 |  9.885 |     0.000 |
    |  22 |    22 |      28.0 |        0.0 |  9.832 |    -0.000 |
    |  23 |    23 |      30.0 |        0.0 |  9.780 |     0.000 |
    |  24 |    24 |      32.0 |        0.0 |  9.683 |    -0.000 |
    |  25 |    25 |      34.0 |        0.0 |  9.582 |    -0.000 |
    |  26 |    26 |      36.0 |        0.0 |  9.403 |    -0.000 |
    |  27 |    27 |      38.0 |        0.0 |  9.212 |    -0.000 |
    |  28 |    28 |      40.0 |        0.0 |  8.878 |     0.000 |
    |  29 |    29 |      42.0 |        0.0 |  8.504 |     0.000 |
    |  30 |    30 |      44.0 |        0.0 |  7.910 |     0.000 |
    |  31 |    31 |      46.0 |        0.0 |  7.212 |     0.000 |
    |  32 |    32 |      48.0 |        0.0 |  6.153 |    -0.000 |
    |  33 |    33 |      50.0 |        0.0 |  5.030 |    -0.000 |
    |  34 |    34 |      52.0 |        0.0 |  3.817 |    -0.000 |
    |  35 |    35 |      54.0 |        0.0 |  2.827 |    -0.000 |
    |  36 |    36 |      56.0 |        0.0 |  2.072 |    -0.000 |
    |  37 |    37 |      58.0 |        0.0 |  1.504 |     0.000 |
    |  38 |    38 |      60.0 |        0.0 |  1.097 |    -0.000 |
    |  39 |    39 |      62.0 |        0.0 |  0.795 |    -0.000 |
    |  40 |    40 |      64.0 |        0.0 |  0.589 |    -0.000 |
    |  41 |    41 |      66.0 |        0.0 |  0.424 |    -0.000 |
    |  42 |    42 |      68.0 |        0.0 |  0.314 |    -0.000 |
    |  43 |    43 |      70.0 |        0.0 |  0.225 |     0.000 |
    |  44 |    44 |      72.0 |        0.0 |  0.167 |     0.000 |
    |  45 |    45 |      74.0 |        0.0 |  0.119 |     0.000 |
    |  46 |    46 |      76.0 |        0.0 |  0.088 |     0.000 |
    |  47 |    47 |      78.0 |        0.0 |  0.063 |     0.000 |
    |  48 |    48 |      80.0 |        0.0 |  0.047 |     0.000 |
    |  49 |    49 |      82.0 |        0.0 |  0.033 |    -0.000 |
    |  50 |    50 |      84.0 |        0.0 |  0.025 |     0.000 |
    |  51 |    51 |      86.0 |        0.0 |  0.018 |     0.000 |
    |  52 |    52 |      88.0 |        0.0 |  0.013 |    -0.000 |
    |  53 |    53 |      90.0 |        0.0 |  0.010 |     0.000 |
    |  54 |    54 |      92.0 |        0.0 |  0.008 |    -0.000 |
    |  55 |    55 |      94.0 |        0.0 |  0.006 |     0.000 |
    |  56 |    56 |      96.0 |        0.0 |  0.005 |     0.000 |
    |  57 |    57 |      98.0 |        0.0 |  0.004 |    -0.000 |
    |  58 |    58 |     100.0 |        1.7 |  0.004 |     0.000 |
    |  59 |    59 |     100.0 |        3.3 |  0.003 |     0.000 |
    |  60 |    60 |     100.0 |        5.0 |  0.003 |     0.000 |
    |  61 |    61 |     100.0 |        6.7 |  0.002 |     0.000 |
    |  62 |    62 |     100.0 |        8.3 |  0.001 |    -0.000 |
    |  63 |    63 |      98.1 |       10.0 |  0.000 |    -0.024 |
    |  64 |    64 |      96.2 |       10.0 |  0.000 |    -0.028 |
    |  65 |    65 |      94.3 |       10.0 |  0.000 |    -0.033 |
    |  66 |    66 |      92.3 |       10.0 |  0.000 |    -0.044 |
    |  67 |    67 |      90.4 |       10.0 |  0.000 |    -0.056 |
    |  68 |    68 |      88.5 |       10.0 |  0.000 |    -0.076 |
    |  69 |    69 |      86.6 |       10.0 |  0.000 |    -0.099 |
    |  70 |    70 |      84.7 |       10.0 |  0.000 |    -0.137 |
    |  71 |    71 |      82.8 |       10.0 |  0.000 |    -0.180 |
    |  72 |    72 |      80.9 |       10.0 |  0.000 |    -0.250 |
    |  73 |    73 |      79.0 |       10.0 |  0.000 |    -0.331 |
    |  74 |    74 |      77.0 |       10.0 |  0.000 |    -0.458 |
    |  75 |    75 |      75.1 |       10.0 |  0.000 |    -0.610 |
    |  76 |    76 |      73.2 |       10.0 |  0.000 |    -0.841 |
    |  77 |    77 |      71.3 |       10.0 |  0.000 |    -1.124 |
    |  78 |    78 |      69.4 |       10.0 |  0.000 |    -1.543 |
    |  79 |    79 |      67.5 |       10.0 |  0.000 |    -2.078 |
    |  80 |    80 |      65.6 |       10.0 |  0.000 |    -2.866 |
    |  81 |    81 |      63.6 |       10.0 |  0.000 |    -3.804 |
    |  82 |    82 |      61.7 |       10.0 |  0.000 |    -5.172 |
    |  83 |    83 |      59.8 |       10.0 |  0.000 |    -6.778 |
    |  84 |    84 |      57.9 |       10.0 |  0.000 |    -9.606 |
    |  85 |    85 |      56.0 |       10.0 |  0.000 |   -11.858 |
    |  86 |    86 |      54.1 |       10.0 |  0.000 |   -16.128 |
    |  87 |    87 |      52.2 |       10.0 |  0.000 |   -18.443 |
    |  88 |    88 |      50.2 |        8.7 |  0.654 |     0.000 |
    |  89 |    89 |      50.2 |        7.5 |  1.542 |     0.000 |
    |  90 |    90 |      50.2 |        6.2 |  2.180 |     0.000 |
    |  91 |    91 |      50.0 |        5.0 |  5.077 |     0.000 |
    |  92 |    92 |      49.7 |        6.3 |  7.793 |    -0.000 |
    |  93 |    93 |      49.8 |        7.5 |  8.468 |    -0.000 |
    |  94 |    94 |      49.7 |        8.7 |  9.328 |     0.000 |
    |  95 |    95 |      47.8 |       10.0 | 10.000 |    18.314 |
    |  96 |    96 |      45.9 |       10.0 | 10.000 |    16.212 |
    |  97 |    97 |      44.0 |       10.0 | 10.000 |    12.251 |
    |  98 |    98 |      42.1 |       10.0 | 10.000 |     9.490 |
    |  99 |    99 |      40.2 |       10.0 | 10.000 |     6.674 |
    | 100 |   100 |      38.3 |       10.0 | 10.000 |     5.272 |
    | 101 |   101 |      36.4 |       10.0 | 10.000 |     3.703 |
    | 102 |   102 |      34.4 |       10.0 | 10.000 |     2.887 |
    | 103 |   103 |      32.5 |       10.0 | 10.000 |     2.042 |
    | 104 |   104 |      30.6 |       10.0 | 10.000 |     1.568 |
    | 105 |   105 |      28.7 |       10.0 | 10.000 |     1.113 |
    | 106 |   106 |      26.8 |       10.0 | 10.000 |     0.860 |
    | 107 |   107 |      24.9 |       10.0 | 10.000 |     0.602 |
    | 108 |   108 |      23.0 |       10.0 | 10.000 |     0.467 |
    | 109 |   109 |      21.0 |       10.0 | 10.000 |     0.330 |
    | 110 |   110 |      19.1 |       10.0 | 10.000 |     0.256 |
    | 111 |   111 |      17.2 |       10.0 | 10.000 |     0.182 |
    | 112 |   112 |      15.3 |       10.0 | 10.000 |     0.139 |
    | 113 |   113 |      13.4 |       10.0 | 10.000 |     0.098 |
    | 114 |   114 |      11.5 |       10.0 | 10.000 |     0.077 |
    | 115 |   115 |       9.6 |       10.0 | 10.000 |     0.053 |
    | 116 |   116 |       7.7 |       10.0 | 10.000 |     0.046 |
    | 117 |   117 |       5.7 |       10.0 | 10.000 |     0.033 |
    | 118 |   118 |       3.8 |       10.0 | 10.000 |     0.029 |
    | 119 |   119 |       1.9 |       10.0 | 10.000 |     0.024 |
    | 120 |   120 |       0.0 |        8.3 |  9.999 |     0.000 |
    | 121 |   121 |       0.0 |        6.7 |  9.998 |     0.000 |
    | 122 |   122 |       0.0 |        5.0 |  9.997 |     0.000 |
    | 123 |   123 |       0.0 |        3.3 |  9.997 |    -0.000 |
    | 124 |   124 |       0.0 |        1.7 |  9.996 |     0.000 |
    | 125 |   125 |      51.1 |        5.7 |  2.928 |    -0.000 |
    | 126 |   126 |      48.8 |        5.6 |  7.058 |     0.000 |
    | 127 |   127 |      95.5 |        1.8 |  0.005 |     0.000 |
    | 128 |   128 |       5.4 |        1.7 |  9.995 |    -0.000 |
    | 129 |   129 |      55.8 |        1.7 |  2.074 |     0.000 |
    | 130 |   130 |      58.8 |        8.4 |  0.332 |    -0.000 |
    | 131 |   131 |      62.3 |        8.4 |  0.187 |     0.000 |
    | 132 |   132 |      44.5 |        1.6 |  7.848 |    -0.000 |
    | 133 |   133 |      40.5 |        8.3 |  9.685 |     0.000 |
    | 134 |   134 |      36.9 |        8.3 |  9.815 |     0.000 |
    | 135 |   135 |      49.9 |        4.5 |  5.127 |     0.000 |
    | 136 |   136 |      50.5 |        4.4 |  4.395 |     0.000 |
    | 137 |   137 |      10.8 |        8.3 |  9.997 |    -0.000 |
    | 138 |   138 |      89.3 |        8.4 |  0.003 |     0.000 |
    | 139 |   139 |      66.1 |        8.4 |  0.104 |    -0.000 |
    | 140 |   140 |      33.1 |        8.3 |  9.902 |    -0.000 |
    | 141 |   141 |      14.4 |        8.5 |  9.996 |     0.000 |
    | 142 |   142 |      85.4 |        8.4 |  0.005 |    -0.000 |
    | 143 |   143 |      69.9 |        8.4 |  0.056 |     0.000 |
    | 144 |   144 |      29.3 |        8.4 |  9.948 |     0.000 |
    | 145 |   145 |      81.5 |        8.4 |  0.009 |     0.000 |
    | 146 |   146 |      17.4 |        8.4 |  9.992 |     0.000 |
    | 147 |   147 |      73.8 |        8.4 |  0.030 |     0.000 |
    | 148 |   148 |      25.4 |        8.4 |  9.972 |     0.000 |
    | 149 |   149 |      21.4 |        8.3 |  9.984 |     0.000 |
    | 150 |   150 |      77.6 |        8.4 |  0.016 |    -0.000 |
    | 151 |   151 |      55.1 |        8.7 |  0.487 |     0.000 |
    | 152 |   152 |      44.1 |        8.4 |  9.471 |    -0.000 |
    | 153 |   153 |       1.4 |        5.9 |  9.998 |    -0.000 |
    | 154 |   154 |      98.0 |        5.8 |  0.002 |     0.000 |
    | 155 |   155 |       7.1 |        8.4 |  9.998 |     0.000 |
    | 156 |   156 |      93.1 |        8.4 |  0.002 |     0.000 |
    | 157 |   157 |      38.8 |        2.2 |  9.113 |     0.000 |
    | 158 |   158 |      61.6 |        1.5 |  0.838 |     0.000 |
    | 159 |   159 |       9.3 |        1.7 |  9.991 |     0.000 |
    | 160 |   160 |      91.5 |        1.7 |  0.007 |     0.000 |
    | 161 |   161 |      65.4 |        1.7 |  0.453 |     0.000 |
    | 162 |   162 |      35.7 |        1.6 |  9.469 |    -0.000 |
    | 163 |   163 |      13.4 |        1.7 |  9.984 |    -0.000 |
    | 164 |   164 |      87.4 |        1.7 |  0.014 |    -0.000 |
    | 165 |   165 |      69.4 |        1.8 |  0.241 |     0.000 |
    | 166 |   166 |      32.0 |        1.7 |  9.709 |     0.000 |
    | 167 |   167 |      83.4 |        1.8 |  0.026 |     0.000 |
    | 168 |   168 |      17.4 |        1.7 |  9.969 |    -0.000 |
    | 169 |   169 |      73.4 |        1.8 |  0.127 |    -0.000 |
    | 170 |   170 |      28.0 |        1.7 |  9.847 |    -0.000 |
    | 171 |   171 |      79.4 |        1.8 |  0.048 |     0.000 |
    | 172 |   172 |      21.6 |        2.3 |  9.943 |    -0.000 |
    | 173 |   173 |      49.7 |        4.0 |  5.406 |     0.000 |
    | 174 |   174 |      49.2 |        4.2 |  5.777 |    -0.000 |
    | 175 |   175 |      50.4 |        3.7 |  4.563 |     0.000 |
    | 176 |   176 |      49.4 |        3.3 |  5.446 |    -0.000 |
    | 177 |   177 |      48.7 |        3.8 |  6.239 |     0.000 |
    | 178 |   178 |      51.3 |        4.3 |  3.631 |     0.000 |
    | 179 |   179 |      51.3 |        3.4 |  3.922 |    -0.000 |
    | 180 |   180 |      52.4 |        4.4 |  2.801 |     0.000 |
    | 181 |   181 |      98.6 |        2.7 |  0.004 |    -0.000 |
    | 182 |   182 |       1.6 |        3.3 |  9.997 |    -0.000 |
    | 183 |   183 |      51.1 |        2.4 |  4.201 |     0.000 |
    | 184 |   184 |      49.2 |        2.5 |  5.660 |    -0.000 |
    | 185 |   185 |      47.9 |        3.0 |  6.440 |    -0.000 |
    | 186 |   186 |      47.2 |        4.4 |  7.357 |    -0.000 |
    | 187 |   187 |      46.4 |        3.8 |  7.379 |    -0.000 |
    | 188 |   188 |      46.0 |        5.1 |  7.944 |    -0.000 |
    | 189 |   189 |      45.4 |        4.1 |  7.950 |    -0.000 |
    | 190 |   190 |      52.5 |        3.2 |  3.259 |    -0.000 |
    | 191 |   191 |      53.6 |        4.1 |  2.497 |     0.000 |
    | 192 |   192 |      53.2 |        5.5 |  2.164 |     0.000 |
    | 193 |   193 |      54.3 |        4.8 |  1.979 |    -0.000 |
    | 194 |   194 |      45.2 |        5.6 |  8.461 |     0.000 |
    | 195 |   195 |      43.8 |        4.8 |  8.502 |     0.000 |
    | 196 |   196 |      46.7 |        6.1 |  8.299 |    -0.000 |
    | 197 |   197 |       3.4 |        8.4 |  9.999 |     0.000 |
    | 198 |   198 |      96.7 |        8.5 |  0.001 |     0.000 |
    | 199 |   199 |      51.6 |        7.8 |  1.158 |    -0.000 |
    | 200 |   200 |      48.5 |        7.4 |  8.622 |    -0.000 |
    | 201 |   201 |      43.9 |        6.8 |  9.043 |     0.000 |
    | 202 |   202 |      42.4 |        5.6 |  9.024 |     0.000 |
    | 203 |   203 |      41.9 |        3.7 |  8.764 |     0.000 |
    | 204 |   204 |      41.2 |        5.1 |  9.031 |     0.000 |
    | 205 |   205 |      53.9 |        6.5 |  1.418 |     0.000 |
    | 206 |   206 |      55.2 |        5.9 |  1.410 |    -0.000 |
    | 207 |   207 |      56.6 |        5.3 |  1.269 |    -0.000 |
    | 208 |   208 |      58.2 |        4.7 |  1.098 |    -0.000 |
    | 209 |   209 |      58.9 |        6.1 |  0.752 |     0.000 |
    | 210 |   210 |      59.8 |        4.3 |  0.885 |     0.000 |
    | 211 |   211 |      60.4 |        5.6 |  0.674 |    -0.000 |
    | 212 |   212 |      59.5 |        3.0 |  1.060 |    -0.000 |
    | 213 |   213 |      47.6 |        5.5 |  7.533 |     0.000 |
    | 214 |   214 |      52.8 |        7.1 |  1.468 |    -0.000 |
    | 215 |   215 |      53.4 |        8.3 |  0.713 |     0.000 |
    | 216 |   216 |      48.4 |        4.6 |  6.697 |     0.000 |
    | 217 |   217 |      46.2 |        8.1 |  9.234 |     0.000 |
    | 218 |   218 |      61.1 |        4.0 |  0.757 |     0.000 |
    | 219 |   219 |      62.3 |        4.9 |  0.545 |     0.000 |
    | 220 |   220 |      63.0 |        3.2 |  0.606 |     0.000 |
    | 221 |   221 |      64.7 |        5.1 |  0.368 |    -0.000 |
    | 222 |   222 |      47.4 |        7.0 |  8.406 |    -0.000 |
    | 223 |   223 |      46.2 |        1.5 |  7.090 |     0.000 |
    | 224 |   224 |      40.7 |        3.2 |  8.881 |    -0.000 |
    | 225 |   225 |      42.2 |        8.4 |  9.622 |    -0.000 |
    | 226 |   226 |      56.3 |        8.6 |  0.428 |    -0.000 |
    | 227 |   227 |      42.6 |        2.1 |  8.394 |     0.000 |
    | 228 |   228 |      40.8 |        6.6 |  9.410 |    -0.000 |
    | 229 |   229 |      39.1 |        6.5 |  9.482 |     0.000 |
    | 230 |   230 |      37.3 |        6.5 |  9.631 |     0.000 |
    | 231 |   231 |      37.4 |        4.6 |  9.445 |    -0.000 |
    | 232 |   232 |      35.6 |        4.8 |  9.614 |    -0.000 |
    | 233 |   233 |      54.0 |        1.7 |  2.763 |     0.000 |
    | 234 |   234 |      93.6 |        1.7 |  0.006 |    -0.000 |
    | 235 |   235 |      91.1 |        3.4 |  0.007 |     0.000 |
    | 236 |   236 |      90.6 |        5.1 |  0.006 |     0.000 |
    | 237 |   237 |      88.5 |        5.1 |  0.009 |    -0.000 |
    | 238 |   238 |      92.6 |        5.1 |  0.005 |     0.000 |
    | 239 |   239 |      89.0 |        3.4 |  0.010 |    -0.000 |
    | 240 |   240 |      86.5 |        5.1 |  0.011 |    -0.000 |
    | 241 |   241 |      86.9 |        3.4 |  0.014 |     0.000 |
    | 242 |   242 |      84.5 |        5.1 |  0.016 |    -0.000 |
    | 243 |   243 |      84.9 |        3.5 |  0.018 |     0.000 |
    | 244 |   244 |      82.5 |        5.2 |  0.021 |    -0.000 |
    | 245 |   245 |      82.9 |        3.5 |  0.025 |    -0.000 |
    | 246 |   246 |      80.5 |        5.2 |  0.029 |     0.000 |
    | 247 |   247 |      80.9 |        3.5 |  0.034 |     0.000 |
    | 248 |   248 |      78.6 |        5.2 |  0.039 |     0.000 |
    | 249 |   249 |      79.0 |        3.5 |  0.047 |    -0.000 |
    | 250 |   250 |      76.6 |        5.2 |  0.054 |     0.000 |
    | 251 |   251 |      77.0 |        3.5 |  0.063 |     0.000 |
    | 252 |   252 |      74.6 |        5.3 |  0.073 |     0.000 |
    | 253 |   253 |      75.0 |        3.6 |  0.088 |     0.000 |
    | 254 |   254 |      72.6 |        5.3 |  0.102 |     0.000 |
    | 255 |   255 |      73.0 |        3.6 |  0.118 |    -0.000 |
    | 256 |   256 |      70.6 |        5.3 |  0.138 |     0.000 |
    | 257 |   257 |      70.9 |        3.6 |  0.166 |     0.000 |
    | 258 |   258 |      68.9 |        3.5 |  0.225 |     0.000 |
    | 259 |   259 |      68.6 |        5.2 |  0.193 |    -0.000 |
    | 260 |   260 |      67.0 |        3.5 |  0.314 |     0.000 |
    | 261 |   261 |      68.3 |        6.8 |  0.140 |     0.000 |
    | 262 |   262 |      75.5 |        1.8 |  0.090 |     0.000 |
    | 263 |   263 |      72.3 |        6.9 |  0.074 |    -0.000 |
    | 264 |   264 |      76.2 |        6.9 |  0.040 |     0.000 |
    | 265 |   265 |      80.1 |        6.8 |  0.021 |     0.000 |
    | 266 |   266 |      71.4 |        1.8 |  0.171 |     0.000 |
    | 267 |   267 |       7.4 |        1.7 |  9.994 |    -0.000 |
    | 268 |   268 |       8.9 |        3.4 |  9.993 |     0.000 |
    | 269 |   269 |      10.9 |        3.5 |  9.990 |     0.000 |
    | 270 |   270 |       8.7 |        5.1 |  9.994 |    -0.000 |
    | 271 |   271 |      10.6 |        5.2 |  9.993 |    -0.000 |
    | 272 |   272 |       6.7 |        5.1 |  9.996 |     0.000 |
    | 273 |   273 |       8.7 |        6.7 |  9.996 |     0.000 |
    | 274 |   274 |       7.0 |        3.4 |  9.994 |     0.000 |
    | 275 |   275 |       4.8 |        5.0 |  9.996 |    -0.000 |
    | 276 |   276 |       5.1 |        3.3 |  9.996 |     0.000 |
    | 277 |   277 |       3.1 |        4.9 |  9.997 |     0.000 |
    | 278 |   278 |       4.9 |        6.7 |  9.998 |     0.000 |
    | 279 |   279 |      13.0 |        3.5 |  9.987 |     0.000 |
    | 280 |   280 |      12.9 |        5.7 |  9.990 |     0.000 |
    | 281 |   281 |      11.9 |        6.9 |  9.994 |     0.000 |
    | 282 |   282 |      95.0 |        8.4 |  0.001 |    -0.000 |
    | 283 |   283 |      95.7 |        6.9 |  0.002 |     0.000 |
    | 284 |   284 |      49.7 |        2.5 |  5.153 |     0.000 |
    | 285 |   285 |      81.4 |        1.8 |  0.036 |     0.000 |
    | 286 |   286 |      84.0 |        6.8 |  0.012 |     0.000 |
    | 287 |   287 |      85.4 |        1.7 |  0.019 |     0.000 |
    | 288 |   288 |      92.0 |        6.7 |  0.004 |    -0.000 |
    | 289 |   289 |      93.1 |        3.4 |  0.005 |     0.000 |
    | 290 |   290 |      95.0 |        3.5 |  0.004 |    -0.000 |
    | 291 |   291 |      94.5 |        5.2 |  0.004 |    -0.000 |
    | 292 |   292 |      88.0 |        6.7 |  0.006 |    -0.000 |
    | 293 |   293 |      89.5 |        1.7 |  0.010 |     0.000 |
    | 294 |   294 |      36.9 |        1.6 |  9.322 |     0.000 |
    | 295 |   295 |      33.9 |        1.7 |  9.586 |     0.000 |
    | 296 |   296 |      32.0 |        3.4 |  9.727 |     0.000 |
    | 297 |   297 |      30.0 |        3.4 |  9.809 |     0.000 |
    | 298 |   298 |      30.0 |        5.1 |  9.839 |     0.000 |
    | 299 |   299 |      28.0 |        5.1 |  9.888 |    -0.000 |
    | 300 |   300 |      31.9 |        5.0 |  9.789 |     0.000 |
    | 301 |   301 |      31.7 |        6.7 |  9.852 |     0.000 |
    | 302 |   302 |      28.0 |        3.4 |  9.855 |     0.000 |
    | 303 |   303 |      26.0 |        5.1 |  9.914 |    -0.000 |
    | 304 |   304 |      27.8 |        6.7 |  9.920 |     0.000 |
    | 305 |   305 |      33.8 |        3.3 |  9.647 |     0.000 |
    | 306 |   306 |      15.4 |        1.7 |  9.979 |    -0.000 |
    | 307 |   307 |      17.1 |        3.4 |  9.976 |    -0.000 |
    | 308 |   308 |      19.0 |        3.4 |  9.965 |     0.000 |
    | 309 |   309 |      17.2 |        5.1 |  9.979 |    -0.000 |
    | 310 |   310 |      19.1 |        5.0 |  9.972 |    -0.000 |
    | 311 |   311 |      15.2 |        5.3 |  9.986 |    -0.000 |
    | 312 |   312 |      15.5 |        6.9 |  9.989 |    -0.000 |
    | 313 |   313 |      20.4 |        3.5 |  9.960 |     0.000 |
    | 314 |   314 |      20.8 |        4.6 |  9.959 |     0.000 |
    | 315 |   315 |      19.4 |        6.6 |  9.979 |     0.000 |
    | 316 |   316 |      67.4 |        1.7 |  0.324 |     0.000 |
    | 317 |   317 |      15.2 |        3.5 |  9.981 |    -0.000 |
    | 318 |   318 |      60.4 |        8.5 |  0.248 |    -0.000 |
    | 319 |   319 |      24.0 |        1.9 |  9.921 |     0.000 |
    | 320 |   320 |      22.4 |        4.0 |  9.947 |     0.000 |
    | 321 |   321 |      22.9 |        5.1 |  9.948 |     0.000 |
    | 322 |   322 |      24.1 |        3.6 |  9.923 |     0.000 |
    | 323 |   323 |      24.2 |        5.1 |  9.940 |    -0.000 |
    | 324 |   324 |      23.9 |        6.7 |  9.956 |    -0.000 |
    | 325 |   325 |      26.0 |        1.8 |  9.882 |     0.000 |
    | 326 |   326 |      30.0 |        1.7 |  9.778 |     0.000 |
    | 327 |   327 |      19.4 |        1.8 |  9.961 |     0.000 |
    | 328 |   328 |      11.4 |        1.7 |  9.989 |     0.000 |
    | 329 |   329 |      26.0 |        3.5 |  9.900 |     0.000 |
    | 330 |   330 |      64.1 |        8.4 |  0.144 |    -0.000 |
    | 331 |   331 |      64.4 |        6.8 |  0.267 |    -0.000 |
    | 332 |   332 |      35.0 |        8.3 |  9.871 |     0.000 |
    | 333 |   333 |      57.8 |        3.2 |  1.365 |     0.000 |
    | 334 |   334 |      97.2 |        2.2 |  0.004 |    -0.000 |
    | 335 |   335 |       3.6 |        1.6 |  9.996 |     0.000 |
    | 336 |   336 |      39.5 |        4.3 |  9.221 |    -0.000 |
    | 337 |   337 |      98.4 |        4.3 |  0.003 |    -0.000 |
    | 338 |   338 |      96.3 |        5.4 |  0.003 |     0.000 |
    | 339 |   339 |       1.5 |        4.8 |  9.997 |    -0.000 |
    | 340 |   340 |      33.5 |        6.6 |  9.806 |    -0.000 |
    | 341 |   341 |      43.9 |        3.2 |  8.225 |     0.000 |
    | 342 |   342 |      63.5 |        1.6 |  0.607 |    -0.000 |
    | 343 |   343 |       5.2 |        8.4 |  9.999 |    -0.000 |
    | 344 |   344 |      35.6 |        3.2 |  9.508 |    -0.000 |
    | 345 |   345 |      93.8 |        6.8 |  0.003 |    -0.000 |
    | 346 |   346 |      98.5 |        7.4 |  0.001 |     0.000 |
    | 347 |   347 |       1.5 |        7.4 |  9.999 |    -0.000 |
    | 348 |   348 |      51.8 |        5.2 |  2.928 |     0.000 |
    | 349 |   349 |       6.9 |        6.7 |  9.997 |    -0.000 |
    | 350 |   350 |      50.5 |        1.6 |  4.696 |     0.000 |
    | 351 |   351 |      62.5 |        6.8 |  0.365 |     0.000 |
    | 352 |   352 |      49.4 |        1.4 |  5.373 |    -0.000 |
    | 353 |   353 |      77.5 |        1.8 |  0.067 |    -0.000 |
    | 354 |   354 |      55.6 |        3.6 |  1.867 |     0.000 |
    | 355 |   355 |      91.2 |        8.4 |  0.002 |     0.000 |
    | 356 |   356 |      57.8 |        1.6 |  1.516 |     0.000 |
    | 357 |   357 |      51.3 |        6.7 |  2.055 |     0.000 |
    | 358 |   358 |       9.1 |        8.4 |  9.998 |     0.000 |
    | 359 |   359 |      90.0 |        6.7 |  0.005 |     0.000 |
    | 360 |   360 |      10.6 |        6.8 |  9.995 |     0.000 |
    | 361 |   361 |      13.9 |        7.4 |  9.993 |    -0.000 |
    | 362 |   362 |      12.4 |        8.0 |  9.995 |    -0.000 |
    | 363 |   363 |      87.3 |        8.4 |  0.004 |     0.000 |
    | 364 |   364 |      31.2 |        8.3 |  9.932 |     0.000 |
    | 365 |   365 |      29.7 |        6.7 |  9.896 |    -0.000 |
    | 366 |   366 |      52.4 |        1.9 |  3.528 |    -0.000 |
    | 367 |   367 |      25.8 |        6.7 |  9.945 |     0.000 |
    | 368 |   368 |      15.6 |        8.5 |  9.995 |    -0.000 |
    | 369 |   369 |      27.3 |        8.4 |  9.963 |     0.000 |
    | 370 |   370 |      17.4 |        6.8 |  9.986 |    -0.000 |
    | 371 |   371 |      86.0 |        6.8 |  0.009 |     0.000 |
    | 372 |   372 |      60.7 |        7.0 |  0.448 |    -0.000 |
    | 373 |   373 |      19.4 |        8.3 |  9.989 |     0.000 |
    | 374 |   374 |      21.7 |        6.2 |  9.967 |    -0.000 |
    | 375 |   375 |      83.4 |        8.4 |  0.007 |     0.000 |
    | 376 |   376 |      53.8 |        3.1 |  2.552 |     0.000 |
    | 377 |   377 |      65.0 |        3.4 |  0.428 |     0.000 |
    | 378 |   378 |      82.0 |        6.8 |  0.016 |     0.000 |
    | 379 |   379 |      48.8 |        6.7 |  7.927 |     0.000 |
    | 380 |   380 |      23.4 |        8.3 |  9.980 |    -0.000 |
    | 381 |   381 |      79.6 |        8.4 |  0.012 |     0.000 |
    | 382 |   382 |      45.3 |        6.9 |  8.779 |     0.000 |
    | 383 |   383 |      59.7 |        1.5 |  1.112 |    -0.000 |
    | 384 |   384 |      51.2 |        5.1 |  3.100 |    -0.000 |
    | 385 |   385 |      59.5 |        7.1 |  0.545 |    -0.000 |
    | 386 |   386 |      78.1 |        6.8 |  0.030 |    -0.000 |
    | 387 |   387 |      42.3 |        6.8 |  9.212 |     0.000 |
    | 388 |   388 |      75.7 |        8.4 |  0.022 |    -0.000 |
    | 389 |   389 |      74.2 |        6.9 |  0.055 |    -0.000 |
    | 390 |   390 |      71.8 |        8.4 |  0.041 |     0.000 |
    | 391 |   391 |       2.8 |        6.7 |  9.998 |     0.000 |
    | 392 |   392 |      47.9 |        1.4 |  6.332 |     0.000 |
    | 393 |   393 |      70.3 |        6.8 |  0.103 |    -0.000 |
    | 394 |   394 |      57.5 |        6.7 |  0.805 |     0.000 |
    | 395 |   395 |      40.5 |        1.9 |  8.892 |    -0.000 |
    | 396 |   396 |      48.2 |        6.2 |  7.975 |    -0.000 |
    | 397 |   397 |      45.0 |        3.0 |  7.759 |    -0.000 |
    | 398 |   398 |      52.0 |        6.0 |  2.107 |     0.000 |
    | 399 |   399 |       3.3 |        3.3 |  9.996 |     0.000 |
    | 400 |   400 |      96.7 |        3.8 |  0.004 |    -0.000 |
    | 401 |   401 |      67.9 |        8.4 |  0.077 |    -0.000 |
    | 402 |   402 |      35.4 |        6.6 |  9.724 |    -0.000 |
    | 403 |   403 |      50.2 |        2.9 |  4.910 |    -0.000 |
    | 404 |   404 |      38.7 |        8.3 |  9.772 |     0.000 |
    | 405 |   405 |      52.5 |        8.7 |  0.700 |    -0.000 |
    | 406 |   406 |      56.0 |        7.2 |  0.872 |    -0.000 |
    | 407 |   407 |      61.3 |        3.0 |  0.792 |     0.000 |
    | 408 |   408 |      49.2 |        4.8 |  6.390 |    -0.000 |
    | 409 |   409 |      37.2 |        2.8 |  9.381 |     0.000 |
    | 410 |   410 |      66.7 |        5.2 |  0.263 |    -0.000 |
    | 411 |   411 |      66.4 |        6.8 |  0.194 |     0.000 |
    | 412 |   412 |      98.4 |        8.5 |  0.001 |     0.000 |
    | 413 |   413 |       1.7 |        8.5 |  9.999 |     0.000 |
    | 414 |   414 |      98.9 |        1.6 |  0.004 |     0.000 |
    | 415 |   415 |       1.8 |        1.6 |  9.996 |     0.000 |
    | 416 |   416 |      97.5 |        7.0 |  0.002 |     0.000 |
    | 417 |   417 |      33.7 |        5.0 |  9.704 |     0.000 |
    | 418 |   418 |      48.1 |        8.6 |  9.204 |     0.000 |
    | 419 |   419 |      48.3 |        5.2 |  7.265 |     0.000 |
    | 420 |   420 |      51.2 |        8.8 |  0.684 |    -0.000 |
    | 421 |   421 |      46.3 |        2.8 |  7.337 |     0.000 |
    | 422 |   422 |      54.6 |        7.8 |  0.888 |     0.000 |
    +-----+-------+-----------+------------+--------+-----------+

    Results per element:

    +------+-----+-----+-----+-----+-----------+-----------+-----------+--------+--------+
    |   El |   N |   N |   N |   N |        qx |        qy |     q_res |   grad |   grad |
    |   Nb |   1 |   2 |   3 |   4 |   [m/day] |   [m/day] |   [m/day] |    [-] |    [-] |
    |------+-----+-----+-----+-----+-----------+-----------+-----------+--------+--------|
    |    1 | 222 | 217 | 382 | 196 |     3.823 |    -8.467 |    11.975 | -0.191 |  0.423 |
    |    2 | 377 | 161 | 316 | 260 |     1.205 |     0.530 |     0.750 | -0.060 | -0.027 |
    |    3 | 222 | 200 | 418 | 217 |     1.924 |   -10.657 |    15.071 | -0.096 |  0.533 |
    |    4 | 260 | 316 | 165 | 258 |     0.867 |     0.381 |     0.539 | -0.043 | -0.019 |
    |    5 | 304 | 369 | 148 | 367 |     0.166 |    -0.386 |     0.545 | -0.008 |  0.019 |
    |    6 | 146 | 368 | 312 | 370 |     0.027 |    -0.077 |     0.108 | -0.001 |  0.004 |
    |    7 | 373 | 315 | 374 | 149 |     0.063 |    -0.141 |     0.199 | -0.003 |  0.007 |
    |    8 | 258 | 165 | 266 | 257 |     0.635 |     0.294 |     0.416 | -0.032 | -0.015 |
    |    9 | 220 | 342 | 161 | 377 |     1.656 |     0.625 |     0.883 | -0.083 | -0.031 |
    |   10 | 388 | 147 | 389 | 264 |     0.118 |     0.305 |     0.431 | -0.006 | -0.015 |
    |   11 | 262 | 253 | 255 | 169 |     0.334 |     0.156 |     0.220 | -0.017 | -0.008 |
    |   12 | 265 | 381 | 150 | 386 |     0.064 |     0.164 |     0.232 | -0.003 | -0.008 |
    |   13 | 169 |  45 |  46 | 262 |     0.335 |     0.048 |     0.068 | -0.017 | -0.002 |
    |   14 | 367 | 148 | 380 | 324 |     0.111 |    -0.282 |     0.399 | -0.006 |  0.014 |
    |   15 | 301 | 364 | 144 | 365 |     0.307 |    -0.713 |     1.009 | -0.015 |  0.036 |
    |   16 | 214 | 215 | 405 | 199 |     1.856 |    10.319 |    14.593 | -0.093 | -0.516 |
    |   17 | 201 | 382 | 217 | 152 |     2.592 |    -7.192 |    10.172 | -0.130 |  0.360 |
    |   18 | 203 | 224 | 395 | 227 |     4.080 |    -1.836 |     2.596 | -0.204 |  0.092 |
    |   19 |  47 | 353 | 262 |  46 |     0.243 |     0.038 |     0.054 | -0.012 | -0.002 |
    |   20 | 393 | 263 | 390 | 143 |     0.220 |     0.565 |     0.799 | -0.011 | -0.028 |
    |   21 | 286 | 375 | 145 | 378 |     0.035 |     0.089 |     0.126 | -0.002 | -0.004 |
    |   22 | 169 | 255 | 257 | 266 |     0.458 |     0.206 |     0.291 | -0.023 | -0.010 |
    |   23 | 190 | 179 | 183 | 366 |    12.021 |     3.251 |     4.597 | -0.601 | -0.163 |
    |   24 | 356 | 333 | 354 | 129 |     5.423 |     2.226 |     3.148 | -0.271 | -0.111 |
    |   25 | 249 | 171 | 285 | 247 |     0.129 |     0.056 |     0.080 | -0.006 | -0.003 |
    |   26 | 228 | 133 | 404 | 229 |     1.117 |    -3.018 |     4.268 | -0.056 |  0.151 |
    |   27 | 216 | 419 | 213 | 186 |     9.456 |   -10.070 |    14.241 | -0.473 |  0.504 |
    |   28 | 292 | 363 | 142 | 371 |     0.019 |     0.048 |     0.068 | -0.001 | -0.002 |
    |   29 | 273 | 360 | 137 | 358 |     0.011 |    -0.029 |     0.041 | -0.001 |  0.001 |
    |   30 | 370 | 315 | 373 | 146 |     0.045 |    -0.103 |     0.146 | -0.002 |  0.005 |
    |   31 | 245 | 167 | 287 | 243 |     0.068 |     0.030 |     0.042 | -0.003 | -0.001 |
    |   32 | 418 |  95 |  96 | 217 |     1.254 |    -9.388 |    13.277 | -0.063 |  0.469 |
    |   33 | 288 | 355 | 138 | 359 |     0.010 |     0.027 |     0.038 | -0.000 | -0.001 |
    |   34 | 167 | 245 | 247 | 285 |     0.094 |     0.043 |     0.061 | -0.005 | -0.002 |
    |   35 | 226 |  85 |  86 | 151 |     0.575 |     6.925 |     9.793 | -0.029 | -0.346 |
    |   36 | 217 |  96 |  97 | 152 |     0.764 |    -7.375 |    10.429 | -0.038 |  0.369 |
    |   37 | 196 | 188 | 186 | 213 |     7.228 |    -8.549 |    12.091 | -0.361 |  0.427 |
    |   38 | 374 | 324 | 380 | 149 |     0.097 |    -0.201 |     0.284 | -0.005 |  0.010 |
    |   39 |  30 |  31 | 223 | 132 |     7.883 |    -0.756 |     1.069 | -0.394 |  0.038 |
    |   40 |  44 | 266 | 165 |  43 |     0.635 |     0.090 |     0.127 | -0.032 | -0.004 |
    |   41 | 392 | 223 |  31 |  32 |     9.925 |    -0.743 |     1.051 | -0.496 |  0.037 |
    |   42 | 302 | 329 | 325 | 170 |     0.403 |    -0.166 |     0.234 | -0.020 |  0.008 |
    |   43 | 361 | 312 | 368 | 141 |     0.023 |    -0.064 |     0.090 | -0.001 |  0.003 |
    |   44 | 311 | 280 | 279 | 317 |     0.043 |    -0.039 |     0.055 | -0.002 |  0.002 |
    |   45 | 288 | 238 | 291 | 345 |     0.009 |     0.016 |     0.023 | -0.000 | -0.001 |
    |   46 | 314 | 313 | 172 | 320 |     0.146 |    -0.096 |     0.135 | -0.007 |  0.005 |
    |   47 | 338 | 283 | 345 | 291 |     0.006 |     0.013 |     0.018 | -0.000 | -0.001 |
    |   48 | 164 | 241 | 243 | 287 |     0.050 |     0.023 |     0.032 | -0.002 | -0.001 |
    |   49 | 276 | 274 | 272 | 275 |     0.011 |    -0.011 |     0.016 | -0.001 |  0.001 |
    |   50 |  90 | 125 | 398 | 357 |     3.011 |    16.998 |    24.038 | -0.151 | -0.850 |
    |   51 |  21 | 325 | 319 |  20 |     0.317 |    -0.040 |     0.057 | -0.016 |  0.002 |
    |   52 |  92 | 379 | 396 | 126 |     2.723 |   -16.032 |    22.673 | -0.136 |  0.802 |
    |   53 | 293 | 239 | 241 | 164 |     0.035 |     0.016 |     0.022 | -0.002 | -0.001 |
    |   54 | 366 |  34 |  35 | 233 |     9.839 |     0.960 |     1.358 | -0.492 | -0.048 |
    |   55 | 132 | 227 |  29 |  30 |     5.732 |    -0.897 |     1.268 | -0.287 |  0.045 |
    |   56 | 152 |  97 |  98 | 225 |     0.813 |    -5.520 |     7.806 | -0.041 |  0.276 |
    |   57 | 130 |  84 |  85 | 226 |     0.688 |     5.255 |     7.432 | -0.034 | -0.263 |
    |   58 | 276 | 128 | 267 | 274 |     0.013 |    -0.007 |     0.009 | -0.001 |  0.000 |
    |   59 | 365 | 144 | 369 | 304 |     0.201 |    -0.521 |     0.738 | -0.010 |  0.026 |
    |   60 | 303 | 323 | 322 | 329 |     0.247 |    -0.196 |     0.277 | -0.012 |  0.010 |
    |   61 |  49 | 285 | 171 |  48 |     0.129 |     0.020 |     0.029 | -0.006 | -0.001 |
    |   62 | 324 | 323 | 303 | 367 |     0.198 |    -0.261 |     0.369 | -0.010 |  0.013 |
    |   63 | 290 | 291 | 238 | 289 |     0.011 |     0.011 |     0.016 | -0.001 | -0.001 |
    |   64 |  36 | 129 | 233 |  35 |     7.593 |     0.907 |     1.282 | -0.380 | -0.045 |
    |   65 |  10 | 335 | 415 |   9 |     0.006 |    -0.002 |     0.003 | -0.000 |  0.000 |
    |   66 | 239 | 293 | 160 | 235 |     0.025 |     0.012 |     0.017 | -0.001 | -0.001 |
    |   67 |  11 | 128 | 335 |  10 |     0.010 |    -0.002 |     0.002 | -0.000 |  0.000 |
    |   68 | 160 | 234 | 289 | 235 |     0.017 |     0.009 |     0.012 | -0.001 | -0.000 |
    |   69 |  51 | 287 | 167 |  50 |     0.068 |     0.011 |     0.015 | -0.003 | -0.001 |
    |   70 |  56 | 127 | 234 |  55 |     0.011 |     0.002 |     0.003 | -0.001 | -0.000 |
    |   71 |  57 | 334 | 127 |  56 |     0.006 |     0.002 |     0.003 | -0.000 | -0.000 |
    |   72 | 336 | 157 | 395 | 224 |     3.119 |    -1.444 |     2.043 | -0.156 |  0.072 |
    |   73 | 290 | 289 | 234 | 127 |     0.011 |     0.007 |     0.010 | -0.001 | -0.000 |
    |   74 | 155 | 343 | 278 | 349 |     0.006 |    -0.017 |     0.024 | -0.000 |  0.001 |
    |   75 | 166 | 295 | 305 | 296 |     1.062 |    -0.467 |     0.661 | -0.053 |  0.023 |
    |   76 | 168 | 307 | 317 | 306 |     0.075 |    -0.035 |     0.049 | -0.004 |  0.002 |
    |   77 | 274 | 267 | 159 | 268 |     0.019 |    -0.010 |     0.014 | -0.001 |  0.000 |
    |   78 | 352 |  33 |  34 | 350 |    12.045 |     0.237 |     0.336 | -0.602 | -0.012 |
    |   79 | 152 | 225 | 387 | 201 |     1.909 |    -5.320 |     7.524 | -0.095 |  0.266 |
    |   80 | 170 | 326 | 297 | 302 |     0.567 |    -0.252 |     0.356 | -0.028 |  0.013 |
    |   81 | 172 | 313 | 308 | 327 |     0.140 |    -0.066 |     0.093 | -0.007 |  0.003 |
    |   82 | 421 | 397 | 132 | 223 |     7.520 |    -2.699 |     3.817 | -0.376 |  0.135 |
    |   83 | 128 |  11 |  12 | 267 |     0.016 |    -0.003 |     0.004 | -0.001 |  0.000 |
    |   84 | 225 |  98 |  99 | 133 |     0.392 |    -4.142 |     5.857 | -0.020 |  0.207 |
    |   85 | 349 | 272 | 270 | 273 |     0.012 |    -0.019 |     0.026 | -0.001 |  0.001 |
    |   86 | 289 | 238 | 236 | 235 |     0.016 |     0.015 |     0.021 | -0.001 | -0.001 |
    |   87 | 274 | 268 | 270 | 272 |     0.015 |    -0.013 |     0.019 | -0.001 |  0.001 |
    |   88 | 392 |  32 |  33 | 352 |    11.852 |    -0.637 |     0.901 | -0.593 |  0.032 |
    |   89 | 139 | 411 | 261 | 401 |     0.416 |     1.043 |     1.475 | -0.021 | -0.052 |
    |   90 | 322 | 320 | 172 | 319 |     0.208 |    -0.100 |     0.142 | -0.010 |  0.005 |
    |   91 | 340 | 140 | 364 | 301 |     0.377 |    -0.957 |     1.354 | -0.019 |  0.048 |
    |   92 | 163 | 279 | 269 | 328 |     0.039 |    -0.018 |     0.026 | -0.002 |  0.001 |
    |   93 | 327 | 308 | 307 | 168 |     0.102 |    -0.039 |     0.056 | -0.005 |  0.002 |
    |   94 | 326 | 166 | 296 | 297 |     0.766 |    -0.312 |     0.441 | -0.038 |  0.016 |
    |   95 | 297 | 296 | 300 | 298 |     0.673 |    -0.532 |     0.753 | -0.034 |  0.027 |
    |   96 | 279 | 163 | 306 | 317 |     0.052 |    -0.022 |     0.031 | -0.003 |  0.001 |
    |   97 | 319 | 325 | 329 | 322 |     0.301 |    -0.139 |     0.197 | -0.015 |  0.007 |
    |   98 | 317 | 307 | 309 | 311 |     0.060 |    -0.049 |     0.070 | -0.003 |  0.002 |
    |   99 | 307 | 308 | 310 | 309 |     0.089 |    -0.073 |     0.104 | -0.004 |  0.004 |
    |  100 | 362 | 281 | 280 | 361 |     0.020 |    -0.042 |     0.059 | -0.001 |  0.002 |
    |  101 |  84 | 130 | 318 |  83 |     0.376 |     3.835 |     5.423 | -0.019 | -0.192 |
    |  102 | 268 | 269 | 271 | 270 |     0.022 |    -0.019 |     0.027 | -0.001 |  0.001 |
    |  103 | 320 | 322 | 323 | 321 |     0.198 |    -0.172 |     0.243 | -0.010 |  0.009 |
    |  104 | 160 |  54 |  55 | 234 |     0.017 |     0.003 |     0.005 | -0.001 | -0.000 |
    |  105 | 285 |  49 |  50 | 167 |     0.094 |     0.013 |     0.018 | -0.005 | -0.001 |
    |  106 | 353 |  47 |  48 | 171 |     0.177 |     0.024 |     0.034 | -0.009 | -0.001 |
    |  107 | 316 |  42 |  43 | 165 |     0.869 |     0.136 |     0.193 | -0.043 | -0.007 |
    |  108 | 266 |  44 |  45 | 169 |     0.460 |     0.073 |     0.103 | -0.023 | -0.004 |
    |  109 | 327 |  18 |  19 | 172 |     0.160 |    -0.022 |     0.031 | -0.008 |  0.001 |
    |  110 | 293 |  53 |  54 | 160 |     0.025 |     0.004 |     0.005 | -0.001 | -0.000 |
    |  111 | 267 |  12 |  13 | 159 |     0.022 |    -0.003 |     0.004 | -0.001 |  0.000 |
    |  112 | 328 |  14 |  15 | 163 |     0.044 |    -0.005 |     0.007 | -0.002 |  0.000 |
    |  113 | 306 |  16 |  17 | 168 |     0.084 |    -0.009 |     0.013 | -0.004 |  0.000 |
    |  114 | 325 |  21 |  22 | 170 |     0.442 |    -0.070 |     0.100 | -0.022 |  0.004 |
    |  115 | 295 |  25 |  26 | 162 |     1.565 |    -0.218 |     0.309 | -0.078 |  0.011 |
    |  116 | 287 |  51 |  52 | 164 |     0.049 |     0.007 |     0.009 | -0.002 | -0.000 |
    |  117 | 328 | 269 | 268 | 159 |     0.026 |    -0.012 |     0.017 | -0.001 |  0.001 |
    |  118 | 164 |  52 |  53 | 293 |     0.035 |     0.006 |     0.008 | -0.002 | -0.000 |
    |  119 | 162 |  26 |  27 | 294 |     2.077 |    -0.193 |     0.273 | -0.104 |  0.010 |
    |  120 | 166 |  24 |  25 | 295 |     1.139 |    -0.130 |     0.184 | -0.057 |  0.006 |
    |  121 | 161 |  41 |  42 | 316 |     1.195 |     0.153 |     0.217 | -0.060 | -0.008 |
    |  122 | 163 |  15 |  16 | 306 |     0.063 |    -0.010 |     0.014 | -0.003 |  0.000 |
    |  123 | 172 |  19 |  20 | 319 |     0.225 |    -0.047 |     0.066 | -0.011 |  0.002 |
    |  124 | 329 | 302 | 299 | 303 |     0.354 |    -0.284 |     0.402 | -0.018 |  0.014 |
    |  125 |  24 | 166 | 326 |  23 |     0.833 |    -0.128 |     0.181 | -0.042 |  0.006 |
    |  126 | 198 |  64 |  65 | 282 |     0.001 |     0.015 |     0.022 | -0.000 | -0.001 |
    |  127 | 170 |  22 |  23 | 326 |     0.602 |    -0.068 |     0.097 | -0.030 |  0.003 |
    |  128 | 168 |  17 |  18 | 327 |     0.116 |    -0.017 |     0.024 | -0.006 |  0.001 |
    |  129 | 159 |  13 |  14 | 328 |     0.032 |    -0.006 |     0.008 | -0.002 |  0.000 |
    |  130 | 131 |  82 |  83 | 318 |     0.346 |     2.927 |     4.140 | -0.017 | -0.146 |
    |  131 | 298 | 299 | 302 | 297 |     0.470 |    -0.369 |     0.522 | -0.024 |  0.018 |
    |  132 | 314 | 310 | 308 | 313 |     0.109 |    -0.081 |     0.115 | -0.005 |  0.004 |
    |  133 | 282 |  65 |  66 | 156 |     0.001 |     0.018 |     0.026 | -0.000 | -0.001 |
    |  134 | 259 | 258 | 257 | 256 |     0.565 |     0.470 |     0.665 | -0.028 | -0.024 |
    |  135 | 254 | 256 | 257 | 255 |     0.416 |     0.350 |     0.495 | -0.021 | -0.018 |
    |  136 | 252 | 254 | 255 | 253 |     0.297 |     0.248 |     0.351 | -0.015 | -0.012 |
    |  137 | 250 | 252 | 253 | 251 |     0.220 |     0.184 |     0.261 | -0.011 | -0.009 |
    |  138 | 248 | 250 | 251 | 249 |     0.159 |     0.130 |     0.184 | -0.008 | -0.007 |
    |  139 | 246 | 248 | 249 | 247 |     0.118 |     0.098 |     0.138 | -0.006 | -0.005 |
    |  140 | 244 | 246 | 247 | 245 |     0.085 |     0.069 |     0.098 | -0.004 | -0.003 |
    |  141 | 236 | 237 | 239 | 235 |     0.023 |     0.020 |     0.028 | -0.001 | -0.001 |
    |  142 | 242 | 244 | 245 | 243 |     0.063 |     0.052 |     0.074 | -0.003 | -0.003 |
    |  143 | 280 | 271 | 269 | 279 |     0.028 |    -0.026 |     0.036 | -0.001 |  0.001 |
    |  144 | 240 | 242 | 243 | 241 |     0.045 |     0.037 |     0.052 | -0.002 | -0.002 |
    |  145 | 237 | 240 | 241 | 239 |     0.033 |     0.028 |     0.039 | -0.002 | -0.001 |
    |  146 | 102 | 332 | 134 | 101 |     0.282 |    -1.742 |     2.464 | -0.014 |  0.087 |
    |  147 |  82 | 131 | 330 |  81 |     0.237 |     2.179 |     3.081 | -0.012 | -0.109 |
    |  148 |  81 | 330 | 139 |  80 |     0.208 |     1.634 |     2.310 | -0.010 | -0.082 |
    |  149 | 103 | 140 | 332 | 102 |     0.155 |    -1.293 |     1.828 | -0.008 |  0.065 |
    |  150 |  41 | 161 | 342 |  40 |     1.612 |     0.217 |     0.308 | -0.081 | -0.011 |
    |  151 | 299 | 304 | 367 | 303 |     0.251 |    -0.344 |     0.487 | -0.013 |  0.017 |
    |  152 | 116 | 117 | 343 | 155 |     0.001 |    -0.019 |     0.026 | -0.000 |  0.001 |
    |  153 | 366 | 233 | 376 | 190 |    10.234 |     3.697 |     5.228 | -0.512 | -0.185 |
    |  154 | 215 |  86 |  87 | 405 |     1.086 |     9.356 |    13.232 | -0.054 | -0.468 |
    |  155 | 360 | 281 | 362 | 137 |     0.012 |    -0.034 |     0.048 | -0.001 |  0.002 |
    |  156 | 349 | 273 | 358 | 155 |     0.007 |    -0.021 |     0.030 | -0.000 |  0.001 |
    |  157 | 398 | 348 | 180 | 192 |     8.588 |    11.067 |    15.652 | -0.429 | -0.553 |
    |  158 | 393 | 143 | 401 | 261 |     0.294 |     0.764 |     1.081 | -0.015 | -0.038 |
    |  159 | 345 | 156 | 355 | 288 |     0.006 |     0.020 |     0.028 | -0.000 | -0.001 |
    |  160 | 312 | 361 | 280 | 311 |     0.030 |    -0.049 |     0.070 | -0.002 |  0.002 |
    |  161 | 283 | 282 | 156 | 345 |     0.005 |     0.016 |     0.023 | -0.000 | -0.001 |
    |  162 | 238 | 288 | 359 | 236 |     0.013 |     0.020 |     0.029 | -0.001 | -0.001 |
    |  163 |  86 | 215 | 422 | 151 |     1.056 |     8.163 |    11.544 | -0.053 | -0.408 |
    |  164 |  57 | 414 | 181 | 334 |     0.003 |     0.003 |     0.004 | -0.000 | -0.000 |
    |  165 | 280 | 281 | 360 | 271 |     0.023 |    -0.032 |     0.046 | -0.001 |  0.002 |
    |  166 | 230 | 231 | 336 | 229 |     1.750 |    -1.977 |     2.795 | -0.087 |  0.099 |
    |  167 | 333 | 212 | 210 | 208 |     3.456 |     2.243 |     3.171 | -0.173 | -0.112 |
    |  168 | 158 |  39 |  40 | 342 |     2.201 |     0.265 |     0.375 | -0.110 | -0.013 |
    |  169 | 219 | 211 | 210 | 218 |     2.233 |     1.945 |     2.750 | -0.112 | -0.097 |
    |  170 | 228 | 229 | 336 | 204 |     2.355 |    -2.862 |     4.048 | -0.118 |  0.143 |
    |  171 | 300 | 301 | 365 | 298 |     0.474 |    -0.644 |     0.911 | -0.024 |  0.032 |
    |  172 | 197 | 343 | 117 | 118 |     0.002 |    -0.016 |     0.022 | -0.000 |  0.001 |
    |  173 | 389 | 147 | 390 | 263 |     0.155 |     0.411 |     0.581 | -0.008 | -0.021 |
    |  174 | 295 | 162 | 344 | 305 |     1.421 |    -0.566 |     0.800 | -0.071 |  0.028 |
    |  175 | 171 | 249 | 251 | 353 |     0.177 |     0.081 |     0.115 | -0.009 | -0.004 |
    |  176 | 311 | 309 | 370 | 312 |     0.050 |    -0.069 |     0.097 | -0.003 |  0.003 |
    |  177 |  68 | 138 | 355 |  67 |     0.003 |     0.031 |     0.044 | -0.000 | -0.002 |
    |  178 | 237 | 292 | 371 | 240 |     0.027 |     0.037 |     0.053 | -0.001 | -0.002 |
    |  179 | 205 | 214 | 398 | 192 |     4.543 |     9.374 |    13.257 | -0.227 | -0.469 |
    |  180 | 359 | 138 | 363 | 292 |     0.013 |     0.035 |     0.049 | -0.001 | -0.002 |
    |  181 | 114 | 115 | 358 | 137 |     0.002 |    -0.031 |     0.044 | -0.000 |  0.002 |
    |  182 | 336 | 224 | 203 | 204 |     3.170 |    -2.398 |     3.392 | -0.159 |  0.120 |
    |  183 | 386 | 150 | 388 | 264 |     0.083 |     0.221 |     0.312 | -0.004 | -0.011 |
    |  184 | 211 | 209 | 208 | 210 |     2.661 |     2.797 |     3.956 | -0.133 | -0.140 |
    |  185 | 310 | 314 | 374 | 315 |     0.099 |    -0.119 |     0.168 | -0.005 |  0.006 |
    |  186 | 371 | 142 | 375 | 286 |     0.025 |     0.064 |     0.091 | -0.001 | -0.003 |
    |  187 | 378 | 145 | 381 | 265 |     0.045 |     0.119 |     0.168 | -0.002 | -0.006 |
    |  188 | 408 | 126 | 419 | 216 |    12.649 |   -12.641 |    17.877 | -0.632 |  0.632 |
    |  189 | 242 | 286 | 378 | 244 |     0.050 |     0.070 |     0.098 | -0.003 | -0.003 |
    |  190 | 343 | 197 | 391 | 278 |     0.002 |    -0.013 |     0.019 | -0.000 |  0.001 |
    |  191 | 361 | 141 | 113 | 362 |     0.012 |    -0.050 |     0.070 | -0.001 |  0.002 |
    |  192 |  70 | 142 | 363 |  69 |     0.006 |     0.056 |     0.079 | -0.000 | -0.003 |
    |  193 | 105 | 144 | 364 | 104 |     0.080 |    -0.706 |     0.999 | -0.004 |  0.035 |
    |  194 | 356 |  37 |  38 | 383 |     4.135 |     0.552 |     0.781 | -0.207 | -0.028 |
    |  195 | 331 | 351 | 219 | 221 |     1.239 |     1.602 |     2.266 | -0.062 | -0.080 |
    |  196 | 323 | 324 | 374 | 321 |     0.142 |    -0.186 |     0.263 | -0.007 |  0.009 |
    |  197 | 113 | 141 | 368 | 112 |     0.005 |    -0.062 |     0.088 | -0.000 |  0.003 |
    |  198 | 246 | 265 | 386 | 248 |     0.093 |     0.130 |     0.184 | -0.005 | -0.007 |
    |  199 | 230 | 229 | 404 | 134 |     1.068 |    -2.385 |     3.373 | -0.053 |  0.119 |
    |  200 | 107 | 148 | 369 | 106 |     0.042 |    -0.385 |     0.544 | -0.002 |  0.019 |
    |  201 | 204 | 203 | 195 | 202 |     3.753 |    -3.622 |     5.122 | -0.188 |  0.181 |
    |  202 | 272 | 349 | 278 | 275 |     0.007 |    -0.014 |     0.020 | -0.000 |  0.001 |
    |  203 | 111 | 146 | 373 | 110 |     0.013 |    -0.110 |     0.156 | -0.001 |  0.006 |
    |  204 | 216 | 186 | 185 | 177 |    12.140 |    -6.826 |     9.654 | -0.607 |  0.341 |
    |  205 | 331 | 330 | 131 | 351 |     0.770 |     1.969 |     2.785 | -0.038 | -0.098 |
    |  206 | 301 | 300 | 417 | 340 |     0.683 |    -0.888 |     1.256 | -0.034 |  0.044 |
    |  207 | 250 | 264 | 389 | 252 |     0.173 |     0.245 |     0.346 | -0.009 | -0.012 |
    |  208 |  72 | 145 | 375 |  71 |     0.011 |     0.102 |     0.145 | -0.001 | -0.005 |
    |  209 |  27 |  28 | 395 | 157 |     2.968 |    -0.533 |     0.754 | -0.148 |  0.027 |
    |  210 | 121 | 122 | 339 | 153 |     0.001 |    -0.010 |     0.013 | -0.000 |  0.000 |
    |  211 |  61 | 154 | 337 |  60 |     0.001 |     0.009 |     0.013 | -0.000 | -0.000 |
    |  212 | 254 | 263 | 393 | 256 |     0.325 |     0.461 |     0.652 | -0.016 | -0.023 |
    |  213 | 259 | 256 | 393 | 261 |     0.458 |     0.636 |     0.899 | -0.023 | -0.032 |
    |  214 | 109 | 149 | 380 | 108 |     0.023 |    -0.205 |     0.290 | -0.001 |  0.010 |
    |  215 | 208 | 207 | 354 | 333 |     4.522 |     3.472 |     4.910 | -0.226 | -0.174 |
    |  216 |  74 | 150 | 381 |  73 |     0.021 |     0.188 |     0.267 | -0.001 | -0.009 |
    |  217 |  60 | 337 | 181 |  59 |     0.001 |     0.007 |     0.010 | -0.000 | -0.000 |
    |  218 | 122 | 123 | 182 | 339 |     0.001 |    -0.007 |     0.010 | -0.000 |  0.000 |
    |  219 | 253 | 262 | 353 | 251 |     0.242 |     0.107 |     0.152 | -0.012 | -0.005 |
    |  220 | 227 | 341 | 195 | 203 |     4.823 |    -2.832 |     4.005 | -0.241 |  0.142 |
    |  221 | 156 |  66 |  67 | 355 |     0.003 |     0.024 |     0.034 | -0.000 | -0.001 |
    |  222 |  76 | 147 | 388 |  75 |     0.038 |     0.348 |     0.492 | -0.002 | -0.017 |
    |  223 | 275 | 277 | 399 | 276 |     0.006 |    -0.009 |     0.012 | -0.000 |  0.000 |
    |  224 |  78 | 143 | 390 |  77 |     0.073 |     0.643 |     0.909 | -0.004 | -0.032 |
    |  225 | 101 | 134 | 404 | 100 |     0.235 |    -2.330 |     3.296 | -0.012 |  0.117 |
    |  226 | 155 | 358 | 115 | 116 |     0.004 |    -0.025 |     0.035 | -0.000 |  0.001 |
    |  227 | 383 | 212 | 333 | 356 |     3.954 |     1.529 |     2.162 | -0.198 | -0.076 |
    |  228 |  80 | 139 | 401 |  79 |     0.141 |     1.190 |     1.684 | -0.007 | -0.060 |
    |  229 | 292 | 237 | 236 | 359 |     0.020 |     0.028 |     0.040 | -0.001 | -0.001 |
    |  230 | 273 | 270 | 271 | 360 |     0.016 |    -0.023 |     0.032 | -0.001 |  0.001 |
    |  231 | 230 | 134 | 332 | 402 |     0.730 |    -1.713 |     2.423 | -0.037 |  0.086 |
    |  232 | 129 |  36 |  37 | 356 |     5.675 |     0.707 |     1.000 | -0.284 | -0.035 |
    |  233 | 196 | 213 | 396 | 222 |     4.676 |   -11.520 |    16.291 | -0.234 |  0.576 |
    |  234 | 232 | 417 | 305 | 344 |     1.200 |    -0.948 |     1.341 | -0.060 |  0.047 |
    |  235 | 339 | 277 | 391 | 153 |     0.002 |    -0.010 |     0.014 | -0.000 |  0.000 |
    |  236 | 354 | 207 | 206 | 193 |     5.133 |     4.910 |     6.944 | -0.257 | -0.246 |
    |  237 | 137 | 362 | 113 | 114 |     0.007 |    -0.042 |     0.060 | -0.000 |  0.002 |
    |  238 | 162 | 294 | 409 | 344 |     1.813 |    -0.821 |     1.160 | -0.091 |  0.041 |
    |  239 | 138 |  68 |  69 | 363 |     0.005 |     0.042 |     0.060 | -0.000 | -0.002 |
    |  240 | 140 | 103 | 104 | 364 |     0.148 |    -0.947 |     1.339 | -0.007 |  0.047 |
    |  241 | 192 | 193 | 206 | 205 |     5.774 |     7.537 |    10.659 | -0.289 | -0.377 |
    |  242 | 180 | 191 | 193 | 192 |     7.464 |     6.861 |     9.703 | -0.373 | -0.343 |
    |  243 | 304 | 299 | 298 | 365 |     0.370 |    -0.484 |     0.684 | -0.019 |  0.024 |
    |  244 | 351 | 131 | 318 | 372 |     0.939 |     2.593 |     3.668 | -0.047 | -0.130 |
    |  245 | 195 | 201 | 387 | 202 |     3.409 |    -4.713 |     6.665 | -0.170 |  0.236 |
    |  246 | 315 | 370 | 309 | 310 |     0.062 |    -0.088 |     0.124 | -0.003 |  0.004 |
    |  247 | 146 | 111 | 112 | 368 |     0.011 |    -0.082 |     0.116 | -0.001 |  0.004 |
    |  248 | 320 | 321 | 374 | 314 |     0.142 |    -0.134 |     0.189 | -0.007 |  0.007 |
    |  249 | 291 | 290 | 400 | 338 |     0.007 |     0.010 |     0.014 | -0.000 | -0.000 |
    |  250 | 144 | 105 | 106 | 369 |     0.081 |    -0.517 |     0.731 | -0.004 |  0.026 |
    |  251 | 286 | 242 | 240 | 371 |     0.038 |     0.052 |     0.074 | -0.002 | -0.003 |
    |  252 | 195 | 189 | 188 | 194 |     5.822 |    -5.589 |     7.905 | -0.291 |  0.279 |
    |  253 | 227 | 132 | 397 | 341 |     6.216 |    -2.116 |     2.992 | -0.311 |  0.106 |
    |  254 | 149 | 109 | 110 | 373 |     0.025 |    -0.152 |     0.215 | -0.001 |  0.008 |
    |  255 | 195 | 194 | 382 | 201 |     4.128 |    -5.697 |     8.057 | -0.206 |  0.285 |
    |  256 |  63 | 412 |  62 |   3 |     0.000 |     0.012 |     0.017 | -0.000 | -0.001 |
    |  257 | 119 |   8 | 120 | 413 |     0.001 |    -0.012 |     0.017 | -0.000 |  0.001 |
    |  258 | 177 | 174 | 408 | 216 |    16.639 |   -11.715 |    16.568 | -0.832 |  0.586 |
    |  259 | 193 | 191 | 376 | 354 |     7.209 |     4.925 |     6.965 | -0.360 | -0.246 |
    |  260 | 351 | 372 | 211 | 219 |     1.681 |     2.276 |     3.219 | -0.084 | -0.114 |
    |  261 | 142 |  70 |  71 | 375 |     0.010 |     0.077 |     0.108 | -0.000 | -0.004 |
    |  262 | 232 | 344 | 409 | 231 |     1.561 |    -1.080 |     1.528 | -0.078 |  0.054 |
    |  263 | 219 | 220 | 377 | 221 |     1.557 |     1.171 |     1.656 | -0.078 | -0.059 |
    |  264 |  57 |   2 |  58 | 414 |     0.002 |     0.001 |     0.002 | -0.000 | -0.000 |
    |  265 |   9 | 415 | 124 |   1 |     0.002 |    -0.001 |     0.002 | -0.000 |  0.000 |
    |  266 | 265 | 246 | 244 | 378 |     0.070 |     0.097 |     0.138 | -0.004 | -0.005 |
    |  267 | 225 | 133 | 228 | 387 |     1.766 |    -3.985 |     5.636 | -0.088 |  0.199 |
    |  268 | 148 | 107 | 108 | 380 |     0.047 |    -0.278 |     0.393 | -0.002 |  0.014 |
    |  269 | 282 | 283 | 416 | 198 |     0.002 |     0.013 |     0.019 | -0.000 | -0.001 |
    |  270 | 275 | 278 | 391 | 277 |     0.005 |    -0.012 |     0.016 | -0.000 |  0.001 |
    |  271 |  39 | 158 | 383 |  38 |     2.988 |     0.357 |     0.505 | -0.149 | -0.018 |
    |  272 | 186 | 188 | 189 | 187 |     7.743 |    -6.250 |     8.839 | -0.387 |  0.312 |
    |  273 |  64 | 198 | 412 |  63 |     0.000 |     0.013 |     0.018 | -0.000 | -0.001 |
    |  274 | 118 | 119 | 413 | 197 |     0.000 |    -0.013 |     0.018 | -0.000 |  0.001 |
    |  275 | 354 | 376 | 233 | 129 |     7.224 |     3.035 |     4.291 | -0.361 | -0.152 |
    |  276 | 145 |  72 |  73 | 381 |     0.018 |     0.141 |     0.199 | -0.001 | -0.007 |
    |  277 |  34 | 366 | 183 | 350 |    12.275 |     1.349 |     1.908 | -0.614 | -0.067 |
    |  278 | 188 | 196 | 382 | 194 |     4.707 |    -7.639 |    10.803 | -0.235 |  0.382 |
    |  279 | 264 | 250 | 248 | 386 |     0.130 |     0.182 |     0.257 | -0.006 | -0.009 |
    |  280 | 372 | 318 | 130 | 385 |     1.283 |     3.429 |     4.849 | -0.064 | -0.171 |
    |  281 | 154 | 338 | 400 | 337 |     0.004 |     0.009 |     0.013 | -0.000 | -0.000 |
    |  282 |  90 | 357 | 199 |  89 |     0.092 |    13.171 |    18.626 | -0.005 | -0.659 |
    |  283 | 283 | 338 | 154 | 416 |     0.004 |     0.011 |     0.016 | -0.000 | -0.001 |
    |  284 | 394 | 406 | 206 | 207 |     3.540 |     5.193 |     7.345 | -0.177 | -0.260 |
    |  285 | 384 | 348 | 398 | 125 |    10.179 |    12.565 |    17.769 | -0.509 | -0.628 |
    |  286 | 415 | 335 | 399 | 182 |     0.005 |    -0.005 |     0.007 | -0.000 |  0.000 |
    |  287 | 406 | 394 | 130 | 226 |     1.756 |     5.074 |     7.176 | -0.088 | -0.254 |
    |  288 | 195 | 341 | 397 | 189 |     5.948 |    -4.206 |     5.948 | -0.297 |  0.210 |
    |  289 | 221 | 377 | 260 | 410 |     1.066 |     0.857 |     1.211 | -0.053 | -0.043 |
    |  290 | 209 | 385 | 130 | 394 |     1.854 |     3.810 |     5.388 | -0.093 | -0.191 |
    |  291 | 204 | 202 | 387 | 228 |     2.362 |    -3.697 |     5.228 | -0.118 |  0.185 |
    |  292 | 384 | 178 | 180 | 348 |    10.140 |    10.037 |    14.194 | -0.507 | -0.502 |
    |  293 |  92 |  93 | 200 | 379 |     0.593 |   -13.520 |    19.120 | -0.030 |  0.676 |
    |  294 | 376 | 191 | 180 | 190 |     8.910 |     5.883 |     8.320 | -0.446 | -0.294 |
    |  295 | 150 |  74 |  75 | 388 |     0.033 |     0.259 |     0.366 | -0.002 | -0.013 |
    |  296 | 258 | 259 | 410 | 260 |     0.791 |     0.644 |     0.911 | -0.040 | -0.032 |
    |  297 | 372 | 385 | 209 | 211 |     1.948 |     3.002 |     4.245 | -0.097 | -0.150 |
    |  298 | 263 | 254 | 252 | 389 |     0.242 |     0.340 |     0.481 | -0.012 | -0.017 |
    |  299 |  27 | 157 | 409 | 294 |     2.393 |    -0.519 |     0.735 | -0.120 |  0.026 |
    |  300 | 190 | 180 | 178 | 179 |    13.304 |     7.382 |    10.440 | -0.665 | -0.369 |
    |  301 | 127 | 334 | 400 | 290 |     0.007 |     0.006 |     0.009 | -0.000 | -0.000 |
    |  302 |  95 | 418 |  94 |   7 |    -0.227 |   -11.103 |    15.703 |  0.011 |  0.555 |
    |  303 | 408 | 174 | 173 | 135 |    24.030 |   -10.169 |    14.381 | -1.202 |  0.508 |
    |  304 |  87 |   4 |  88 | 420 |    -0.432 |    11.132 |    15.743 |  0.022 | -0.557 |
    |  305 | 128 | 276 | 399 | 335 |     0.009 |    -0.006 |     0.008 | -0.000 |  0.000 |
    |  306 | 147 |  76 |  77 | 390 |     0.059 |     0.476 |     0.673 | -0.003 | -0.024 |
    |  307 | 136 | 175 | 179 | 178 |    17.611 |     5.277 |     7.462 | -0.881 | -0.264 |
    |  308 | 411 | 331 | 221 | 410 |     0.874 |     1.156 |     1.635 | -0.044 | -0.058 |
    |  309 | 208 | 209 | 394 | 207 |     2.987 |     4.021 |     5.687 | -0.149 | -0.201 |
    |  310 | 214 | 205 | 422 | 215 |     3.380 |     8.938 |    12.640 | -0.169 | -0.447 |
    |  311 | 227 | 395 |  28 |  29 |     4.238 |    -0.720 |     1.019 | -0.212 |  0.036 |
    |  312 | 231 | 230 | 402 | 232 |     1.285 |    -1.521 |     2.151 | -0.064 |  0.076 |
    |  313 | 143 |  78 |  79 | 401 |     0.110 |     0.878 |     1.241 | -0.005 | -0.044 |
    |  314 |   5 | 136 | 178 | 384 |    19.997 |    16.792 |    23.748 | -1.000 | -0.840 |
    |  315 | 133 |  99 | 100 | 404 |     0.509 |    -3.092 |     4.373 | -0.025 |  0.155 |
    |  316 | 330 | 331 | 411 | 139 |     0.572 |     1.414 |     2.000 | -0.029 | -0.071 |
    |  317 | 296 | 305 | 417 | 300 |     0.877 |    -0.677 |     0.957 | -0.044 |  0.034 |
    |  318 | 416 | 346 | 412 | 198 |     0.002 |     0.012 |     0.017 | -0.000 | -0.001 |
    |  319 | 391 | 197 | 413 | 347 |     0.002 |    -0.013 |     0.018 | -0.000 |  0.001 |
    |  320 | 185 | 184 | 176 | 177 |    14.519 |    -4.210 |     5.954 | -0.726 |  0.210 |
    |  321 | 212 | 407 | 218 | 210 |     2.798 |     1.682 |     2.379 | -0.140 | -0.084 |
    |  322 | 410 | 259 | 261 | 411 |     0.618 |     0.855 |     1.210 | -0.031 | -0.043 |
    |  323 | 140 | 340 | 402 | 332 |     0.575 |    -1.294 |     1.830 | -0.029 |  0.065 |
    |  324 | 417 | 232 | 402 | 340 |     0.870 |    -1.131 |     1.600 | -0.043 |  0.057 |
    |  325 | 350 | 183 | 403 | 284 |    13.908 |     0.547 |     0.773 | -0.695 | -0.027 |
    |  326 | 121 | 153 | 391 | 347 |     0.001 |    -0.010 |     0.015 | -0.000 |  0.001 |
    |  327 |  91 | 135 | 136 |   5 |    42.558 |    11.675 |    16.511 | -2.128 | -0.584 |
    |  328 | 350 | 284 | 184 | 352 |    13.791 |    -0.385 |     0.545 | -0.690 |  0.019 |
    |  329 | 157 | 336 | 231 | 409 |     2.302 |    -1.422 |     2.011 | -0.115 |  0.071 |
    |  330 | 277 | 339 | 182 | 399 |     0.004 |    -0.008 |     0.011 | -0.000 |  0.000 |
    |  331 | 219 | 218 | 407 | 220 |     2.130 |     1.398 |     1.976 | -0.106 | -0.070 |
    |  332 | 334 | 181 | 337 | 400 |     0.004 |     0.006 |     0.009 | -0.000 | -0.000 |
    |  333 | 135 | 173 | 175 | 136 |    24.284 |     1.928 |     2.726 | -1.214 | -0.096 |
    |  334 | 158 | 342 | 220 | 407 |     2.183 |     0.832 |     1.176 | -0.109 | -0.042 |
    |  335 | 177 | 176 | 173 | 174 |    17.947 |    -4.303 |     6.085 | -0.897 |  0.215 |
    |  336 |  61 |  62 | 412 | 346 |     0.000 |     0.011 |     0.016 | -0.000 | -0.001 |
    |  337 | 121 | 347 | 413 | 120 |    -0.000 |    -0.012 |     0.016 |  0.000 |  0.001 |
    |  338 |  59 | 181 | 414 |  58 |     0.001 |     0.005 |     0.007 | -0.000 | -0.000 |
    |  339 | 123 | 124 | 415 | 182 |     0.002 |    -0.005 |     0.007 | -0.000 |  0.000 |
    |  340 | 184 | 284 | 403 | 176 |    15.025 |    -0.381 |     0.538 | -0.751 |  0.019 |
    |  341 | 199 | 357 | 398 | 214 |     4.519 |    11.723 |    16.579 | -0.226 | -0.586 |
    |  342 |  61 | 346 | 416 | 154 |     0.001 |     0.011 |     0.015 | -0.000 | -0.001 |
    |  343 |  93 |  94 | 418 | 200 |     1.151 |   -11.689 |    16.530 | -0.058 |  0.584 |
    |  344 | 179 | 175 | 403 | 183 |    15.811 |     2.968 |     4.197 | -0.791 | -0.148 |
    |  345 |  89 | 199 | 420 |  88 |     1.202 |    12.217 |    17.277 | -0.060 | -0.611 |
    |  346 | 185 | 392 | 352 | 184 |    12.228 |    -1.939 |     2.742 | -0.611 |  0.097 |
    |  347 | 189 | 397 | 421 | 187 |     7.807 |    -4.033 |     5.703 | -0.390 |  0.202 |
    |  348 | 212 | 383 | 158 | 407 |     3.001 |     1.107 |     1.565 | -0.150 | -0.055 |
    |  349 | 200 | 222 | 396 | 379 |     4.298 |   -11.873 |    16.791 | -0.215 |  0.594 |
    |  350 | 186 | 187 | 421 | 185 |     9.487 |    -5.451 |     7.709 | -0.474 |  0.273 |
    |  351 | 176 | 403 | 175 | 173 |    17.424 |    -1.728 |     2.444 | -0.871 |  0.086 |
    |  352 | 205 | 206 | 406 | 422 |     3.137 |     6.719 |     9.503 | -0.157 | -0.336 |
    |  353 | 126 | 396 | 213 | 419 |     8.555 |   -13.736 |    19.426 | -0.428 |  0.687 |
    |  354 | 226 | 151 | 422 | 406 |     2.155 |     6.671 |     9.434 | -0.108 | -0.334 |
    |  355 | 408 | 135 |  91 |   6 |    40.037 |   -23.005 |    32.534 | -2.002 |  1.150 |
    |  356 | 185 | 421 | 223 | 392 |    10.410 |    -2.946 |     4.166 | -0.521 |  0.147 |
    |  357 | 199 | 405 |  87 | 420 |     0.735 |    10.305 |    14.573 | -0.037 | -0.515 |
    |  358 | 384 | 125 |  90 |   5 |     7.701 |    22.306 |    31.545 | -0.385 | -1.115 |
    |  359 | 408 |   6 |  92 | 126 |     9.490 |   -22.799 |    32.242 | -0.474 |  1.140 |
    +------+-----+-----+-----+-----+-----------+-----------+-----------+--------+--------+
