
    -------------------------------------------------------------
    -------------- Model input ----------------------------------
    -------------------------------------------------------------

    Model parameters:

    +---------------+---------+
    | Parameter     |   Value |
    |---------------+---------|
    | w [m]         |     100 |
    | h [m]         |      10 |
    | d [m]         |       5 |
    | t [m]         |     0.5 |
    | thickness [m] |       1 |
    | kx [m/day]    |      20 |
    | ky [m/day]    |      20 |
    +---------------+---------+

    Model boundary conditions:

    +----------+--------------------+
    |   Marker |   Piezometric head |
    |----------+--------------------|
    |       10 |                 10 |
    |       20 |                  0 |
    +----------+--------------------+

    -------------------------------------------------------------
    -------------- Results --------------------------------------
    -------------------------------------------------------------

    Model info:

    +---------------------+-----+
    | Max element size:   |   2 |
    | Dofs per node:      |   1 |
    | Element type:       |   2 |
    | Number of dofs:     | 396 |
    | Number of elements: | 672 |
    | Number of nodes:    | 396 |
    +---------------------+-----+

    Summary of results:

    +------------------------+---------+---------+
    | Max piezometric head:  |  10.000 | [m]     |
    | Min piezometric head:  |   0.000 | [m]     |
    | Max boundary flow:     |  20.776 | [m/day] |
    | Min boundary flow:     | -21.007 | [m/day] |
    | Sum boundary flow:     |   0.000 | [m/day] |
    | Max resulting gw flow: |  67.544 | [m/day] |
    | Min resulting gw flow: |   0.003 | [m/day] |
    +------------------------+---------+---------+

    Results per node:

    +-----+-------+-----------+------------+--------+-----------+
    |   N |   dof |   x_coord |    y_coord |   P.h. |      q BC |
    |     |       |       [m] |        [m] |    [m] |   [m/day] |
    |-----+-------+-----------+------------+--------+-----------|
    |   1 |     1 |       0.0 |        0.0 |  9.996 |     0.000 |
    |   2 |     2 |     100.0 |        0.0 |  0.004 |     0.000 |
    |   3 |     3 |     100.0 |       10.0 |  0.000 |    -0.013 |
    |   4 |     4 |      50.2 |       10.0 |  0.000 |   -11.393 |
    |   5 |     5 |      50.2 |        5.0 |  4.163 |     0.000 |
    |   6 |     6 |      49.8 |        5.0 |  5.825 |    -0.000 |
    |   7 |     7 |      49.8 |       10.0 | 10.000 |    11.553 |
    |   8 |     8 |       0.0 |       10.0 | 10.000 |     0.013 |
    |   9 |     9 |       2.0 |        0.0 |  9.996 |     0.000 |
    |  10 |    10 |       4.0 |        0.0 |  9.995 |     0.000 |
    |  11 |    11 |       6.0 |        0.0 |  9.994 |    -0.000 |
    |  12 |    12 |       8.0 |        0.0 |  9.992 |     0.000 |
    |  13 |    13 |      10.0 |        0.0 |  9.989 |    -0.000 |
    |  14 |    14 |      12.0 |        0.0 |  9.986 |    -0.000 |
    |  15 |    15 |      14.0 |        0.0 |  9.981 |     0.000 |
    |  16 |    16 |      16.0 |        0.0 |  9.974 |    -0.000 |
    |  17 |    17 |      18.0 |        0.0 |  9.964 |     0.000 |
    |  18 |    18 |      20.0 |        0.0 |  9.951 |    -0.000 |
    |  19 |    19 |      22.0 |        0.0 |  9.933 |    -0.000 |
    |  20 |    20 |      24.0 |        0.0 |  9.909 |     0.000 |
    |  21 |    21 |      26.0 |        0.0 |  9.875 |    -0.000 |
    |  22 |    22 |      28.0 |        0.0 |  9.829 |    -0.000 |
    |  23 |    23 |      30.0 |        0.0 |  9.766 |    -0.000 |
    |  24 |    24 |      32.0 |        0.0 |  9.680 |    -0.000 |
    |  25 |    25 |      34.0 |        0.0 |  9.562 |    -0.000 |
    |  26 |    26 |      36.0 |        0.0 |  9.401 |     0.000 |
    |  27 |    27 |      38.0 |        0.0 |  9.180 |     0.000 |
    |  28 |    28 |      40.0 |        0.0 |  8.876 |     0.000 |
    |  29 |    29 |      42.0 |        0.0 |  8.463 |     0.000 |
    |  30 |    30 |      44.0 |        0.0 |  7.898 |     0.000 |
    |  31 |    31 |      46.0 |        0.0 |  7.139 |     0.000 |
    |  32 |    32 |      48.0 |        0.0 |  6.163 |    -0.000 |
    |  33 |    33 |      50.0 |        0.0 |  5.003 |     0.000 |
    |  34 |    34 |      52.0 |        0.0 |  3.836 |     0.000 |
    |  35 |    35 |      54.0 |        0.0 |  2.855 |    -0.000 |
    |  36 |    36 |      56.0 |        0.0 |  2.099 |     0.000 |
    |  37 |    37 |      58.0 |        0.0 |  1.538 |     0.000 |
    |  38 |    38 |      60.0 |        0.0 |  1.124 |     0.000 |
    |  39 |    39 |      62.0 |        0.0 |  0.822 |    -0.000 |
    |  40 |    40 |      64.0 |        0.0 |  0.600 |    -0.000 |
    |  41 |    41 |      66.0 |        0.0 |  0.438 |     0.000 |
    |  42 |    42 |      68.0 |        0.0 |  0.320 |     0.000 |
    |  43 |    43 |      70.0 |        0.0 |  0.234 |    -0.000 |
    |  44 |    44 |      72.0 |        0.0 |  0.171 |    -0.000 |
    |  45 |    45 |      74.0 |        0.0 |  0.125 |    -0.000 |
    |  46 |    46 |      76.0 |        0.0 |  0.091 |     0.000 |
    |  47 |    47 |      78.0 |        0.0 |  0.067 |     0.000 |
    |  48 |    48 |      80.0 |        0.0 |  0.049 |    -0.000 |
    |  49 |    49 |      82.0 |        0.0 |  0.036 |     0.000 |
    |  50 |    50 |      84.0 |        0.0 |  0.026 |    -0.000 |
    |  51 |    51 |      86.0 |        0.0 |  0.019 |     0.000 |
    |  52 |    52 |      88.0 |        0.0 |  0.014 |     0.000 |
    |  53 |    53 |      90.0 |        0.0 |  0.011 |     0.000 |
    |  54 |    54 |      92.0 |        0.0 |  0.008 |     0.000 |
    |  55 |    55 |      94.0 |        0.0 |  0.006 |    -0.000 |
    |  56 |    56 |      96.0 |        0.0 |  0.005 |     0.000 |
    |  57 |    57 |      98.0 |        0.0 |  0.004 |     0.000 |
    |  58 |    58 |     100.0 |        2.0 |  0.004 |     0.000 |
    |  59 |    59 |     100.0 |        4.0 |  0.003 |    -0.000 |
    |  60 |    60 |     100.0 |        6.0 |  0.002 |     0.000 |
    |  61 |    61 |     100.0 |        8.0 |  0.001 |     0.000 |
    |  62 |    62 |      98.0 |       10.0 |  0.000 |    -0.027 |
    |  63 |    63 |      96.0 |       10.0 |  0.000 |    -0.032 |
    |  64 |    64 |      94.0 |       10.0 |  0.000 |    -0.039 |
    |  65 |    65 |      92.0 |       10.0 |  0.000 |    -0.050 |
    |  66 |    66 |      90.0 |       10.0 |  0.000 |    -0.065 |
    |  67 |    67 |      88.1 |       10.0 |  0.000 |    -0.088 |
    |  68 |    68 |      86.1 |       10.0 |  0.000 |    -0.119 |
    |  69 |    69 |      84.1 |       10.0 |  0.000 |    -0.161 |
    |  70 |    70 |      82.1 |       10.0 |  0.000 |    -0.220 |
    |  71 |    71 |      80.1 |       10.0 |  0.000 |    -0.300 |
    |  72 |    72 |      78.1 |       10.0 |  0.000 |    -0.410 |
    |  73 |    73 |      76.1 |       10.0 |  0.000 |    -0.560 |
    |  74 |    74 |      74.1 |       10.0 |  0.000 |    -0.765 |
    |  75 |    75 |      72.1 |       10.0 |  0.000 |    -1.049 |
    |  76 |    76 |      70.1 |       10.0 |  0.000 |    -1.430 |
    |  77 |    77 |      68.2 |       10.0 |  0.000 |    -1.957 |
    |  78 |    78 |      66.2 |       10.0 |  0.000 |    -2.671 |
    |  79 |    79 |      64.2 |       10.0 |  0.000 |    -3.655 |
    |  80 |    80 |      62.2 |       10.0 |  0.000 |    -4.994 |
    |  81 |    81 |      60.2 |       10.0 |  0.000 |    -6.807 |
    |  82 |    82 |      58.2 |       10.0 |  0.000 |    -9.336 |
    |  83 |    83 |      56.2 |       10.0 |  0.000 |   -12.581 |
    |  84 |    84 |      54.2 |       10.0 |  0.000 |   -16.970 |
    |  85 |    85 |      52.2 |       10.0 |  0.000 |   -21.007 |
    |  86 |    86 |      50.2 |        8.3 |  0.984 |    -0.000 |
    |  87 |    87 |      50.2 |        6.7 |  2.147 |    -0.000 |
    |  88 |    88 |      50.0 |        5.0 |  4.981 |     0.000 |
    |  89 |    89 |      49.8 |        6.7 |  7.867 |     0.000 |
    |  90 |    90 |      49.8 |        8.3 |  9.016 |     0.000 |
    |  91 |    91 |      47.8 |       10.0 | 10.000 |    20.776 |
    |  92 |    92 |      45.8 |       10.0 | 10.000 |    17.003 |
    |  93 |    93 |      43.8 |       10.0 | 10.000 |    12.602 |
    |  94 |    94 |      41.8 |       10.0 | 10.000 |     9.284 |
    |  95 |    95 |      39.8 |       10.0 | 10.000 |     6.870 |
    |  96 |    96 |      37.8 |       10.0 | 10.000 |     5.036 |
    |  97 |    97 |      35.8 |       10.0 | 10.000 |     3.645 |
    |  98 |    98 |      33.8 |       10.0 | 10.000 |     2.654 |
    |  99 |    99 |      31.8 |       10.0 | 10.000 |     1.950 |
    | 100 |   100 |      29.8 |       10.0 | 10.000 |     1.428 |
    | 101 |   101 |      27.9 |       10.0 | 10.000 |     1.049 |
    | 102 |   102 |      25.9 |       10.0 | 10.000 |     0.765 |
    | 103 |   103 |      23.9 |       10.0 | 10.000 |     0.560 |
    | 104 |   104 |      21.9 |       10.0 | 10.000 |     0.410 |
    | 105 |   105 |      19.9 |       10.0 | 10.000 |     0.300 |
    | 106 |   106 |      17.9 |       10.0 | 10.000 |     0.220 |
    | 107 |   107 |      15.9 |       10.0 | 10.000 |     0.161 |
    | 108 |   108 |      13.9 |       10.0 | 10.000 |     0.119 |
    | 109 |   109 |      11.9 |       10.0 | 10.000 |     0.088 |
    | 110 |   110 |       9.9 |       10.0 | 10.000 |     0.065 |
    | 111 |   111 |       8.0 |       10.0 | 10.000 |     0.050 |
    | 112 |   112 |       6.0 |       10.0 | 10.000 |     0.039 |
    | 113 |   113 |       4.0 |       10.0 | 10.000 |     0.032 |
    | 114 |   114 |       2.0 |       10.0 | 10.000 |     0.027 |
    | 115 |   115 |       0.0 |        8.0 |  9.999 |     0.000 |
    | 116 |   116 |       0.0 |        6.0 |  9.998 |     0.000 |
    | 117 |   117 |       0.0 |        4.0 |  9.997 |     0.000 |
    | 118 |   118 |       0.0 |        2.0 |  9.996 |    -0.000 |
    | 119 |   119 |      55.3 |        8.2 |  0.653 |    -0.000 |
    | 120 |   120 |      44.7 |        8.3 |  9.381 |    -0.000 |
    | 121 |   121 |      59.0 |        1.6 |  1.273 |    -0.000 |
    | 122 |   122 |      40.9 |        1.5 |  8.735 |     0.000 |
    | 123 |   123 |       7.0 |        8.3 |  9.998 |     0.000 |
    | 124 |   124 |      93.0 |        8.3 |  0.002 |     0.000 |
    | 125 |   125 |      10.9 |        8.3 |  9.997 |     0.000 |
    | 126 |   126 |      89.1 |        8.3 |  0.003 |    -0.000 |
    | 127 |   127 |      14.9 |        8.3 |  9.994 |     0.000 |
    | 128 |   128 |      85.1 |        8.3 |  0.006 |     0.000 |
    | 129 |   129 |      81.1 |        8.3 |  0.011 |     0.000 |
    | 130 |   130 |      18.9 |        8.3 |  9.989 |    -0.000 |
    | 131 |   131 |      22.9 |        8.3 |  9.980 |    -0.000 |
    | 132 |   132 |      77.1 |        8.3 |  0.020 |     0.000 |
    | 133 |   133 |      73.1 |        8.3 |  0.038 |     0.000 |
    | 134 |   134 |      26.9 |        8.3 |  9.962 |     0.000 |
    | 135 |   135 |      69.1 |        8.3 |  0.070 |     0.000 |
    | 136 |   136 |      30.9 |        8.3 |  9.930 |     0.000 |
    | 137 |   137 |      65.1 |        8.3 |  0.132 |    -0.000 |
    | 138 |   138 |      34.9 |        8.2 |  9.863 |    -0.000 |
    | 139 |   139 |      38.8 |        8.4 |  9.765 |    -0.000 |
    | 140 |   140 |      61.1 |        8.3 |  0.244 |     0.000 |
    | 141 |   141 |       5.0 |        1.7 |  9.995 |    -0.000 |
    | 142 |   142 |      95.0 |        1.7 |  0.005 |     0.000 |
    | 143 |   143 |       9.0 |        1.7 |  9.991 |     0.000 |
    | 144 |   144 |      91.0 |        1.7 |  0.009 |     0.000 |
    | 145 |   145 |      87.0 |        1.7 |  0.016 |     0.000 |
    | 146 |   146 |      13.0 |        1.7 |  9.984 |    -0.000 |
    | 147 |   147 |      83.0 |        1.7 |  0.029 |     0.000 |
    | 148 |   148 |      17.0 |        1.7 |  9.971 |     0.000 |
    | 149 |   149 |      79.0 |        1.7 |  0.055 |     0.000 |
    | 150 |   150 |      21.0 |        1.7 |  9.945 |    -0.000 |
    | 151 |   151 |      75.0 |        1.7 |  0.103 |     0.000 |
    | 152 |   152 |      25.0 |        1.7 |  9.897 |     0.000 |
    | 153 |   153 |      71.0 |        1.7 |  0.193 |     0.000 |
    | 154 |   154 |      29.0 |        1.7 |  9.808 |     0.000 |
    | 155 |   155 |      63.0 |        1.7 |  0.677 |     0.000 |
    | 156 |   156 |      36.9 |        1.6 |  9.332 |    -0.000 |
    | 157 |   157 |      67.0 |        1.7 |  0.361 |     0.000 |
    | 158 |   158 |      33.0 |        1.7 |  9.641 |     0.000 |
    | 159 |   159 |      51.4 |        5.9 |  2.545 |     0.000 |
    | 160 |   160 |      55.3 |        1.7 |  2.279 |    -0.000 |
    | 161 |   161 |      48.7 |        5.7 |  7.175 |    -0.000 |
    | 162 |   162 |      45.0 |        1.7 |  7.625 |    -0.000 |
    | 163 |   163 |      98.4 |        5.1 |  0.003 |     0.000 |
    | 164 |   164 |       1.6 |        5.1 |  9.997 |    -0.000 |
    | 165 |   165 |      51.1 |        1.6 |  4.307 |     0.000 |
    | 166 |   166 |      50.0 |        4.6 |  5.086 |    -0.000 |
    | 167 |   167 |      50.7 |        4.3 |  4.239 |     0.000 |
    | 168 |   168 |      49.1 |        4.6 |  6.123 |     0.000 |
    | 169 |   169 |      48.0 |        4.9 |  7.076 |    -0.000 |
    | 170 |   170 |      48.2 |        3.7 |  6.445 |     0.000 |
    | 171 |   171 |      47.5 |        6.0 |  7.842 |     0.000 |
    | 172 |   172 |      46.6 |        4.9 |  7.664 |    -0.000 |
    | 173 |   173 |       3.1 |        8.1 |  9.999 |    -0.000 |
    | 174 |   174 |      96.9 |        8.1 |  0.001 |    -0.000 |
    | 175 |   175 |      50.0 |        3.7 |  4.984 |    -0.000 |
    | 176 |   176 |      46.2 |        6.2 |  8.356 |     0.000 |
    | 177 |   177 |      45.2 |        5.1 |  8.219 |     0.000 |
    | 178 |   178 |      47.1 |        7.3 |  8.665 |     0.000 |
    | 179 |   179 |      51.5 |        7.3 |  1.560 |     0.000 |
    | 180 |   180 |      52.6 |        6.4 |  1.868 |    -0.000 |
    | 181 |   181 |      52.5 |        5.1 |  2.599 |     0.000 |
    | 182 |   182 |      53.7 |        5.6 |  1.916 |     0.000 |
    | 183 |   183 |      53.5 |        4.2 |  2.488 |     0.000 |
    | 184 |   184 |      54.9 |        4.8 |  1.842 |    -0.000 |
    | 185 |   185 |      52.6 |        8.0 |  1.012 |     0.000 |
    | 186 |   186 |      52.1 |        3.9 |  3.318 |    -0.000 |
    | 187 |   187 |      53.1 |        2.8 |  3.018 |     0.000 |
    | 188 |   188 |      45.6 |        3.4 |  7.650 |    -0.000 |
    | 189 |   189 |      44.2 |        4.1 |  8.250 |    -0.000 |
    | 190 |   190 |      43.6 |        5.3 |  8.681 |     0.000 |
    | 191 |   191 |      46.6 |        2.1 |  7.008 |     0.000 |
    | 192 |   192 |      42.7 |        4.1 |  8.613 |     0.000 |
    | 193 |   193 |      41.8 |        5.6 |  9.038 |     0.000 |
    | 194 |   194 |      40.8 |        4.2 |  8.993 |     0.000 |
    | 195 |   195 |      40.0 |        5.8 |  9.302 |    -0.000 |
    | 196 |   196 |      38.8 |        4.4 |  9.279 |     0.000 |
    | 197 |   197 |      48.8 |        1.8 |  5.773 |     0.000 |
    | 198 |   198 |      41.3 |        7.2 |  9.402 |    -0.000 |
    | 199 |   199 |      38.2 |        6.4 |  9.548 |    -0.000 |
    | 200 |   200 |      36.9 |        4.5 |  9.479 |    -0.000 |
    | 201 |   201 |      35.9 |        6.4 |  9.681 |    -0.000 |
    | 202 |   202 |      34.9 |        4.8 |  9.632 |    -0.000 |
    | 203 |   203 |      55.1 |        6.3 |  1.331 |     0.000 |
    | 204 |   204 |      56.4 |        5.4 |  1.313 |     0.000 |
    | 205 |   205 |      56.3 |        3.4 |  1.729 |    -0.000 |
    | 206 |   206 |      58.1 |        4.4 |  1.185 |    -0.000 |
    | 207 |   207 |      58.2 |        6.4 |  0.799 |     0.000 |
    | 208 |   208 |      59.6 |        5.1 |  0.847 |     0.000 |
    | 209 |   209 |      43.0 |        1.5 |  8.257 |    -0.000 |
    | 210 |   210 |      57.0 |        1.7 |  1.729 |     0.000 |
    | 211 |   211 |      57.3 |        8.3 |  0.457 |     0.000 |
    | 212 |   212 |      42.6 |        8.5 |  9.612 |    -0.000 |
    | 213 |   213 |      59.2 |        8.3 |  0.338 |    -0.000 |
    | 214 |   214 |      61.0 |        1.7 |  0.929 |     0.000 |
    | 215 |   215 |      62.0 |        3.4 |  0.703 |     0.000 |
    | 216 |   216 |      64.0 |        3.4 |  0.515 |    -0.000 |
    | 217 |   217 |      63.0 |        5.1 |  0.490 |     0.000 |
    | 218 |   218 |      65.0 |        5.2 |  0.354 |     0.000 |
    | 219 |   219 |      38.9 |        1.6 |  9.087 |    -0.000 |
    | 220 |   220 |      66.0 |        3.5 |  0.376 |     0.000 |
    | 221 |   221 |      67.0 |        5.2 |  0.258 |     0.000 |
    | 222 |   222 |      63.1 |        8.3 |  0.180 |     0.000 |
    | 223 |   223 |      36.8 |        8.3 |  9.818 |    -0.000 |
    | 224 |   224 |      34.9 |        1.6 |  9.512 |     0.000 |
    | 225 |   225 |      77.0 |        1.7 |  0.075 |    -0.000 |
    | 226 |   226 |      76.0 |        3.5 |  0.078 |     0.000 |
    | 227 |   227 |      74.0 |        3.5 |  0.107 |     0.000 |
    | 228 |   228 |      75.0 |        5.1 |  0.073 |     0.000 |
    | 229 |   229 |      73.1 |        5.1 |  0.100 |    -0.000 |
    | 230 |   230 |      77.0 |        5.1 |  0.054 |    -0.000 |
    | 231 |   231 |      72.0 |        3.5 |  0.146 |    -0.000 |
    | 232 |   232 |      71.0 |        5.1 |  0.138 |    -0.000 |
    | 233 |   233 |      69.0 |        1.7 |  0.264 |    -0.000 |
    | 234 |   234 |      68.0 |        3.5 |  0.274 |    -0.000 |
    | 235 |   235 |      69.0 |        5.2 |  0.189 |     0.000 |
    | 236 |   236 |      70.0 |        3.4 |  0.200 |     0.000 |
    | 237 |   237 |      93.0 |        1.7 |  0.007 |    -0.000 |
    | 238 |   238 |      92.0 |        3.5 |  0.007 |    -0.000 |
    | 239 |   239 |      90.0 |        3.5 |  0.009 |     0.000 |
    | 240 |   240 |      91.0 |        5.2 |  0.006 |     0.000 |
    | 241 |   241 |      89.0 |        5.2 |  0.008 |    -0.000 |
    | 242 |   242 |      93.0 |        5.2 |  0.005 |     0.000 |
    | 243 |   243 |      88.0 |        3.5 |  0.012 |    -0.000 |
    | 244 |   244 |      87.0 |        5.2 |  0.011 |    -0.000 |
    | 245 |   245 |      81.0 |        1.7 |  0.040 |     0.000 |
    | 246 |   246 |      82.0 |        3.5 |  0.030 |     0.000 |
    | 247 |   247 |      84.0 |        3.5 |  0.022 |     0.000 |
    | 248 |   248 |      83.0 |        5.1 |  0.021 |    -0.000 |
    | 249 |   249 |      81.0 |        5.1 |  0.029 |    -0.000 |
    | 250 |   250 |      85.0 |        5.1 |  0.015 |     0.000 |
    | 251 |   251 |      86.0 |        3.4 |  0.016 |    -0.000 |
    | 252 |   252 |      80.0 |        3.5 |  0.042 |     0.000 |
    | 253 |   253 |      79.1 |        5.1 |  0.039 |     0.000 |
    | 254 |   254 |      78.0 |        3.4 |  0.057 |     0.000 |
    | 255 |   255 |      15.0 |        1.7 |  9.978 |     0.000 |
    | 256 |   256 |      16.0 |        3.5 |  9.978 |    -0.000 |
    | 257 |   257 |      18.0 |        3.5 |  9.970 |     0.000 |
    | 258 |   258 |      17.0 |        5.2 |  9.979 |    -0.000 |
    | 259 |   259 |      19.0 |        5.1 |  9.971 |     0.000 |
    | 260 |   260 |      15.0 |        5.1 |  9.985 |     0.000 |
    | 261 |   261 |      20.0 |        3.5 |  9.958 |     0.000 |
    | 262 |   262 |      21.0 |        5.1 |  9.961 |    -0.000 |
    | 263 |   263 |      11.0 |        1.7 |  9.988 |     0.000 |
    | 264 |   264 |      10.0 |        3.5 |  9.991 |     0.000 |
    | 265 |   265 |       8.0 |        3.5 |  9.993 |    -0.000 |
    | 266 |   266 |       9.0 |        5.2 |  9.994 |     0.000 |
    | 267 |   267 |      11.0 |        5.2 |  9.992 |    -0.000 |
    | 268 |   268 |       7.0 |        5.2 |  9.995 |     0.000 |
    | 269 |   269 |       6.0 |        3.5 |  9.995 |    -0.000 |
    | 270 |   270 |       4.8 |        5.2 |  9.996 |     0.000 |
    | 271 |   271 |      23.0 |        1.7 |  9.925 |     0.000 |
    | 272 |   272 |      24.0 |        3.5 |  9.922 |     0.000 |
    | 273 |   273 |      26.0 |        3.5 |  9.893 |    -0.000 |
    | 274 |   274 |      25.0 |        5.1 |  9.927 |     0.000 |
    | 275 |   275 |      26.9 |        5.1 |  9.900 |     0.000 |
    | 276 |   276 |      22.9 |        5.1 |  9.946 |     0.000 |
    | 277 |   277 |      28.0 |        3.5 |  9.854 |     0.000 |
    | 278 |   278 |      29.0 |        5.1 |  9.862 |    -0.000 |
    | 279 |   279 |      22.0 |        3.4 |  9.943 |    -0.000 |
    | 280 |   280 |      31.0 |        1.7 |  9.737 |     0.000 |
    | 281 |   281 |      32.0 |        3.4 |  9.725 |     0.000 |
    | 282 |   282 |      30.0 |        3.4 |  9.800 |     0.000 |
    | 283 |   283 |      31.0 |        5.0 |  9.807 |    -0.000 |
    | 284 |   284 |      12.0 |        3.5 |  9.988 |    -0.000 |
    | 285 |   285 |      13.0 |        5.2 |  9.989 |     0.000 |
    | 286 |   286 |      14.0 |        3.5 |  9.984 |    -0.000 |
    | 287 |   287 |      94.0 |        3.5 |  0.005 |     0.000 |
    | 288 |   288 |      95.2 |        5.2 |  0.004 |    -0.000 |
    | 289 |   289 |      96.1 |        3.3 |  0.004 |    -0.000 |
    | 290 |   290 |      97.0 |        1.7 |  0.005 |     0.000 |
    | 291 |   291 |       3.0 |        1.7 |  9.995 |    -0.000 |
    | 292 |   292 |       3.9 |        3.3 |  9.996 |     0.000 |
    | 293 |   293 |      73.0 |        1.7 |  0.141 |     0.000 |
    | 294 |   294 |      19.0 |        1.7 |  9.960 |     0.000 |
    | 295 |   295 |      89.0 |        1.7 |  0.012 |    -0.000 |
    | 296 |   296 |       7.0 |        1.7 |  9.993 |     0.000 |
    | 297 |   297 |      27.0 |        1.7 |  9.859 |    -0.000 |
    | 298 |   298 |      85.0 |        1.7 |  0.022 |    -0.000 |
    | 299 |   299 |      91.0 |        8.3 |  0.002 |     0.000 |
    | 300 |   300 |      83.1 |        8.3 |  0.008 |     0.000 |
    | 301 |   301 |      67.1 |        8.3 |  0.096 |    -0.000 |
    | 302 |   302 |      79.1 |        8.3 |  0.015 |    -0.000 |
    | 303 |   303 |      28.9 |        8.3 |  9.949 |     0.000 |
    | 304 |   304 |      75.1 |        8.3 |  0.028 |     0.000 |
    | 305 |   305 |       9.0 |        8.3 |  9.998 |    -0.000 |
    | 306 |   306 |      32.9 |        8.3 |  9.903 |     0.000 |
    | 307 |   307 |      33.9 |        6.5 |  9.777 |     0.000 |
    | 308 |   308 |      87.1 |        8.3 |  0.004 |     0.000 |
    | 309 |   309 |       5.1 |        8.3 |  9.999 |    -0.000 |
    | 310 |   310 |      24.9 |        8.3 |  9.972 |     0.000 |
    | 311 |   311 |      16.9 |        8.3 |  9.992 |     0.000 |
    | 312 |   312 |      12.9 |        8.3 |  9.996 |    -0.000 |
    | 313 |   313 |      71.1 |        8.3 |  0.051 |     0.000 |
    | 314 |   314 |      20.9 |        8.3 |  9.985 |     0.000 |
    | 315 |   315 |      94.9 |        8.3 |  0.001 |     0.000 |
    | 316 |   316 |      65.0 |        1.7 |  0.495 |     0.000 |
    | 317 |   317 |      44.7 |        6.5 |  8.781 |    -0.000 |
    | 318 |   318 |      54.5 |        3.2 |  2.348 |    -0.000 |
    | 319 |   319 |       1.9 |        3.2 |  9.996 |    -0.000 |
    | 320 |   320 |       1.6 |        7.0 |  9.998 |    -0.000 |
    | 321 |   321 |      98.4 |        7.0 |  0.002 |    -0.000 |
    | 322 |   322 |      98.1 |        3.2 |  0.004 |     0.000 |
    | 323 |   323 |      51.1 |        3.3 |  4.168 |     0.000 |
    | 324 |   324 |      59.9 |        3.4 |  0.990 |    -0.000 |
    | 325 |   325 |       3.1 |        6.1 |  9.997 |    -0.000 |
    | 326 |   326 |      96.9 |        6.1 |  0.003 |    -0.000 |
    | 327 |   327 |      60.2 |        6.7 |  0.537 |    -0.000 |
    | 328 |   328 |      93.9 |        6.8 |  0.003 |     0.000 |
    | 329 |   329 |      92.0 |        6.7 |  0.004 |    -0.000 |
    | 330 |   330 |      90.0 |        6.7 |  0.005 |    -0.000 |
    | 331 |   331 |       6.1 |        6.8 |  9.997 |    -0.000 |
    | 332 |   332 |       8.0 |        6.7 |  9.996 |     0.000 |
    | 333 |   333 |      10.0 |        6.7 |  9.995 |    -0.000 |
    | 334 |   334 |      88.0 |        6.7 |  0.007 |    -0.000 |
    | 335 |   335 |      11.9 |        6.7 |  9.993 |    -0.000 |
    | 336 |   336 |      86.1 |        6.8 |  0.009 |    -0.000 |
    | 337 |   337 |      13.9 |        6.7 |  9.991 |    -0.000 |
    | 338 |   338 |      62.1 |        6.7 |  0.401 |     0.000 |
    | 339 |   339 |      15.9 |        6.7 |  9.987 |    -0.000 |
    | 340 |   340 |      84.1 |        6.7 |  0.013 |    -0.000 |
    | 341 |   341 |      17.9 |        6.7 |  9.983 |     0.000 |
    | 342 |   342 |      82.1 |        6.7 |  0.017 |    -0.000 |
    | 343 |   343 |      19.9 |        6.7 |  9.976 |     0.000 |
    | 344 |   344 |      80.1 |        6.7 |  0.023 |    -0.000 |
    | 345 |   345 |      21.9 |        6.7 |  9.968 |    -0.000 |
    | 346 |   346 |      78.1 |        6.7 |  0.032 |     0.000 |
    | 347 |   347 |      33.0 |        4.9 |  9.731 |     0.000 |
    | 348 |   348 |      76.1 |        6.7 |  0.044 |    -0.000 |
    | 349 |   349 |      23.9 |        6.7 |  9.956 |    -0.000 |
    | 350 |   350 |      74.1 |        6.8 |  0.060 |    -0.000 |
    | 351 |   351 |      25.9 |        6.8 |  9.940 |    -0.000 |
    | 352 |   352 |      27.9 |        6.7 |  9.917 |     0.000 |
    | 353 |   353 |      72.1 |        6.7 |  0.083 |     0.000 |
    | 354 |   354 |      30.0 |        6.7 |  9.884 |     0.000 |
    | 355 |   355 |      70.0 |        6.7 |  0.116 |    -0.000 |
    | 356 |   356 |      32.0 |        6.6 |  9.839 |    -0.000 |
    | 357 |   357 |      64.0 |        6.7 |  0.300 |    -0.000 |
    | 358 |   358 |      66.0 |        6.7 |  0.220 |     0.000 |
    | 359 |   359 |      68.0 |        6.7 |  0.160 |    -0.000 |
    | 360 |   360 |      48.3 |        7.0 |  8.244 |    -0.000 |
    | 361 |   361 |      48.1 |        8.5 |  9.153 |     0.000 |
    | 362 |   362 |      52.5 |        1.4 |  3.516 |    -0.000 |
    | 363 |   363 |      33.9 |        3.3 |  9.624 |     0.000 |
    | 364 |   364 |      61.2 |        5.0 |  0.656 |    -0.000 |
    | 365 |   365 |      56.5 |        6.9 |  0.910 |    -0.000 |
    | 366 |   366 |      43.1 |        6.8 |  9.116 |    -0.000 |
    | 367 |   367 |      51.5 |        4.9 |  3.314 |     0.000 |
    | 368 |   368 |      35.8 |        3.2 |  9.490 |     0.000 |
    | 369 |   369 |      46.6 |        8.7 |  9.386 |     0.000 |
    | 370 |   370 |      52.0 |        2.6 |  3.632 |    -0.000 |
    | 371 |   371 |      51.4 |        8.8 |  0.679 |     0.000 |
    | 372 |   372 |      37.8 |        3.1 |  9.301 |    -0.000 |
    | 373 |   373 |      47.2 |        3.6 |  7.015 |    -0.000 |
    | 374 |   374 |      58.0 |        2.8 |  1.389 |     0.000 |
    | 375 |   375 |      98.5 |        1.5 |  0.004 |    -0.000 |
    | 376 |   376 |       1.5 |        1.5 |  9.996 |     0.000 |
    | 377 |   377 |      45.8 |        7.4 |  8.910 |    -0.000 |
    | 378 |   378 |      98.5 |        8.5 |  0.001 |     0.000 |
    | 379 |   379 |       1.5 |        8.5 |  9.999 |     0.000 |
    | 380 |   380 |      50.1 |        2.5 |  4.951 |     0.000 |
    | 381 |   381 |      40.7 |        8.5 |  9.717 |     0.000 |
    | 382 |   382 |      53.9 |        7.2 |  1.218 |    -0.000 |
    | 383 |   383 |      39.9 |        2.9 |  9.013 |    -0.000 |
    | 384 |   384 |      47.9 |        2.6 |  6.391 |    -0.000 |
    | 385 |   385 |      49.0 |        3.0 |  5.725 |    -0.000 |
    | 386 |   386 |      49.6 |        1.2 |  5.253 |     0.000 |
    | 387 |   387 |      95.5 |        6.9 |  0.002 |     0.000 |
    | 388 |   388 |       4.5 |        6.9 |  9.998 |    -0.000 |
    | 389 |   389 |      53.8 |        8.7 |  0.581 |     0.000 |
    | 390 |   390 |      53.8 |        1.8 |  2.836 |    -0.000 |
    | 391 |   391 |      42.0 |        2.7 |  8.596 |    -0.000 |
    | 392 |   392 |      43.9 |        2.7 |  8.122 |    -0.000 |
    | 393 |   393 |       3.1 |        4.6 |  9.996 |    -0.000 |
    | 394 |   394 |      96.9 |        4.6 |  0.004 |     0.000 |
    | 395 |   395 |      39.7 |        7.2 |  9.542 |     0.000 |
    | 396 |   396 |      47.6 |        1.2 |  6.402 |    -0.000 |
    +-----+-------+-----------+------------+--------+-----------+

    Results per element:

    +------+-----+-----+-----+--------+-----------+-----------+----------+----------+
    |   El |   N |   N |   N |     qx |        qy |     q_res |   grad_x |   grad_y |
    |   Nb |   1 |   2 |   3 |     [] |   [m/day] |   [m/day] |      [-] |      [-] |
    |------+-----+-----+-----+--------+-----------+-----------+----------+----------|
    |    1 |   6 | 161 | 168 | 17.253 |   -13.371 |    21.827 |   -0.863 |    0.669 |
    |    2 | 211 | 207 | 213 |  1.265 |     4.260 |     4.444 |   -0.063 |   -0.213 |
    |    3 | 205 | 160 | 210 |  6.261 |     2.625 |     6.789 |   -0.313 |   -0.131 |
    |    4 | 179 | 159 | 180 |  5.616 |    13.880 |    14.973 |   -0.281 |   -0.694 |
    |    5 | 159 |   5 | 367 | 15.874 |    14.228 |    21.317 |   -0.794 |   -0.711 |
    |    6 | 199 | 139 | 223 |  0.670 |    -2.390 |     2.482 |   -0.034 |    0.119 |
    |    7 |  85 | 185 | 389 |  1.349 |    10.536 |    10.622 |   -0.067 |   -0.527 |
    |    8 | 185 |  85 | 371 |  1.134 |    10.493 |    10.555 |   -0.057 |   -0.525 |
    |    9 | 169 | 172 | 373 |  9.016 |    -6.457 |    11.090 |   -0.451 |    0.323 |
    |   10 | 170 | 169 | 373 | 11.476 |    -7.967 |    13.970 |   -0.574 |    0.398 |
    |   11 | 188 | 162 | 191 |  8.621 |    -3.321 |     9.239 |   -0.431 |    0.166 |
    |   12 | 197 |  32 | 386 | 12.141 |    -0.952 |    12.179 |   -0.607 |    0.048 |
    |   13 | 162 | 188 | 392 |  6.480 |    -2.570 |     6.971 |   -0.324 |    0.129 |
    |   14 |  90 |   7 | 361 |  0.771 |   -11.806 |    11.831 |   -0.039 |    0.590 |
    |   15 | 213 | 207 | 327 |  2.017 |     3.852 |     4.348 |   -0.101 |   -0.193 |
    |   16 | 201 | 199 | 223 |  1.202 |    -2.011 |     2.343 |   -0.060 |    0.101 |
    |   17 | 188 | 189 | 392 |  6.853 |    -3.580 |     7.732 |   -0.343 |    0.179 |
    |   18 |  87 | 159 | 179 |  1.927 |    14.074 |    14.205 |   -0.096 |   -0.704 |
    |   19 | 166 | 168 | 175 | 23.361 |    -0.873 |    23.377 |   -1.168 |    0.044 |
    |   20 | 162 |  31 | 191 |  8.129 |    -0.927 |     8.181 |   -0.406 |    0.046 |
    |   21 | 160 | 205 | 318 |  6.573 |     2.435 |     7.009 |   -0.329 |   -0.122 |
    |   22 | 175 | 168 | 385 | 18.798 |    -5.650 |    19.629 |   -0.940 |    0.282 |
    |   23 | 201 | 138 | 307 |  0.832 |    -1.489 |     1.705 |   -0.042 |    0.074 |
    |   24 |  89 |  90 | 360 |  2.180 |   -13.794 |    13.966 |   -0.109 |    0.690 |
    |   25 |   7 |  91 | 361 |  0.000 |   -10.989 |    10.989 |   -0.000 |    0.549 |
    |   26 | 208 | 206 | 324 |  3.405 |     2.352 |     4.138 |   -0.170 |   -0.118 |
    |   27 | 138 | 201 | 223 |  0.498 |    -1.686 |     1.758 |   -0.025 |    0.084 |
    |   28 | 324 | 206 | 374 |  3.519 |     2.571 |     4.359 |   -0.176 |   -0.129 |
    |   29 | 167 | 186 | 367 | 16.089 |    10.245 |    19.074 |   -0.804 |   -0.512 |
    |   30 | 191 |  31 | 396 | 10.183 |    -1.483 |    10.291 |   -0.509 |    0.074 |
    |   31 |  32 |  33 | 386 | 11.603 |    -0.233 |    11.606 |   -0.580 |    0.012 |
    |   32 | 317 | 120 | 366 |  3.008 |    -6.739 |     7.380 |   -0.150 |    0.337 |
    |   33 | 360 |  90 | 361 |  0.738 |   -12.241 |    12.263 |   -0.037 |    0.612 |
    |   34 | 202 | 201 | 307 |  0.855 |    -1.175 |     1.453 |   -0.043 |    0.059 |
    |   35 |  33 |  34 | 165 | 11.673 |     0.595 |    11.688 |   -0.584 |   -0.030 |
    |   36 | 168 | 161 | 169 | 12.644 |   -14.846 |    19.500 |   -0.632 |    0.742 |
    |   37 | 207 | 211 | 365 |  2.774 |     4.987 |     5.707 |   -0.139 |   -0.249 |
    |   38 | 194 | 383 | 391 |  3.662 |    -2.331 |     4.341 |   -0.183 |    0.117 |
    |   39 | 120 | 212 | 366 |  1.627 |    -5.284 |     5.529 |   -0.081 |    0.264 |
    |   40 | 289 | 290 | 322 |  0.005 |     0.005 |     0.007 |   -0.000 |   -0.000 |
    |   41 | 383 | 122 | 391 |  3.802 |    -1.074 |     3.951 |   -0.190 |    0.054 |
    |   42 | 291 | 292 | 319 |  0.005 |    -0.005 |     0.007 |   -0.000 |    0.000 |
    |   43 |  30 | 162 | 209 |  6.327 |    -0.507 |     6.347 |   -0.316 |    0.025 |
    |   44 | 160 |  36 | 210 |  6.217 |     0.566 |     6.242 |   -0.311 |   -0.028 |
    |   45 |  83 | 119 | 211 |  1.608 |     6.385 |     6.584 |   -0.080 |   -0.319 |
    |   46 | 180 | 159 | 181 |  7.057 |    10.482 |    12.636 |   -0.353 |   -0.524 |
    |   47 |  86 |  87 | 179 |  1.987 |    13.959 |    14.099 |   -0.099 |   -0.698 |
    |   48 | 139 | 199 | 395 |  1.459 |    -2.652 |     3.027 |   -0.073 |    0.133 |
    |   49 | 186 | 167 | 323 | 14.396 |     4.291 |    15.022 |   -0.720 |   -0.215 |
    |   50 | 207 | 208 | 327 |  2.161 |     2.893 |     3.611 |   -0.108 |   -0.145 |
    |   51 | 168 | 170 | 385 | 13.343 |    -5.527 |    14.443 |   -0.667 |    0.276 |
    |   52 | 179 | 185 | 371 |  2.195 |    12.145 |    12.342 |   -0.110 |   -0.607 |
    |   53 |   5 | 167 | 367 | 15.486 |    11.085 |    19.045 |   -0.774 |   -0.554 |
    |   54 | 203 | 119 | 382 |  3.327 |     6.858 |     7.623 |   -0.166 |   -0.343 |
    |   55 |  30 |  31 | 162 |  7.591 |    -1.237 |     7.692 |   -0.380 |    0.062 |
    |   56 |  35 |  36 | 160 |  7.556 |     1.135 |     7.641 |   -0.378 |   -0.057 |
    |   57 | 173 | 320 | 325 |  0.002 |    -0.013 |     0.013 |   -0.000 |    0.001 |
    |   58 | 321 | 174 | 326 |  0.002 |     0.013 |     0.013 |   -0.000 |   -0.001 |
    |   59 |  83 |  84 | 119 |  0.000 |     7.220 |     7.220 |   -0.000 |   -0.361 |
    |   60 |  92 |  93 | 120 | -0.000 |    -7.204 |     7.204 |    0.000 |    0.360 |
    |   61 | 205 | 210 | 374 |  4.692 |     1.966 |     5.087 |   -0.235 |   -0.098 |
    |   62 | 289 | 322 | 394 |  0.006 |     0.009 |     0.011 |   -0.000 |   -0.000 |
    |   63 | 319 | 292 | 393 |  0.006 |    -0.009 |     0.011 |   -0.000 |    0.000 |
    |   64 | 120 |  93 | 212 |  1.499 |    -6.444 |     6.616 |   -0.075 |    0.322 |
    |   65 | 122 |  29 | 209 |  4.673 |    -0.324 |     4.684 |   -0.234 |    0.016 |
    |   66 |  37 | 121 | 210 |  4.654 |     0.390 |     4.670 |   -0.233 |   -0.019 |
    |   67 | 198 | 193 | 366 |  2.429 |    -3.795 |     4.506 |   -0.121 |    0.190 |
    |   68 |  29 |  30 | 209 |  5.649 |    -0.964 |     5.731 |   -0.282 |    0.048 |
    |   69 |  36 |  37 | 210 |  5.613 |     0.936 |     5.690 |   -0.281 |   -0.047 |
    |   70 |  82 |  83 | 211 | -0.000 |     5.404 |     5.404 |    0.000 |   -0.270 |
    |   71 | 173 | 325 | 388 |  0.004 |    -0.013 |     0.014 |   -0.000 |    0.001 |
    |   72 | 326 | 174 | 387 |  0.004 |     0.013 |     0.014 |   -0.000 |   -0.001 |
    |   73 | 140 |  81 | 213 |  0.896 |     3.431 |     3.546 |   -0.045 |   -0.172 |
    |   74 | 232 | 235 | 236 |  0.507 |     0.436 |     0.669 |   -0.025 |   -0.022 |
    |   75 | 119 | 203 | 365 |  3.000 |     6.885 |     7.510 |   -0.150 |   -0.344 |
    |   76 |  82 | 211 | 213 |  1.267 |     4.688 |     4.856 |   -0.063 |   -0.234 |
    |   77 | 324 | 215 | 364 |  2.646 |     1.898 |     3.256 |   -0.132 |   -0.095 |
    |   78 | 121 |  38 | 214 |  3.436 |     0.280 |     3.447 |   -0.172 |   -0.014 |
    |   79 |  28 | 122 | 219 |  3.396 |    -0.247 |     3.405 |   -0.170 |    0.012 |
    |   80 | 212 | 198 | 366 |  2.161 |    -5.123 |     5.560 |   -0.108 |    0.256 |
    |   81 | 221 | 220 | 234 |  1.013 |     0.788 |     1.284 |   -0.051 |   -0.039 |
    |   82 | 220 | 157 | 234 |  1.015 |     0.419 |     1.098 |   -0.051 |   -0.021 |
    |   83 | 235 | 234 | 236 |  0.741 |     0.574 |     0.937 |   -0.037 |   -0.029 |
    |   84 |  37 |  38 | 121 |  4.135 |     0.716 |     4.196 |   -0.207 |   -0.036 |
    |   85 |  28 |  29 | 122 |  4.133 |    -0.698 |     4.191 |   -0.207 |    0.035 |
    |   86 | 382 | 119 | 389 |  2.017 |     8.714 |     8.944 |   -0.101 |   -0.436 |
    |   87 | 244 | 250 | 251 |  0.041 |     0.035 |     0.054 |   -0.002 |   -0.002 |
    |   88 | 276 | 262 | 279 |  0.144 |    -0.123 |     0.190 |   -0.007 |    0.006 |
    |   89 | 145 | 243 | 251 |  0.043 |     0.018 |     0.047 |   -0.002 |   -0.001 |
    |   90 | 243 | 244 | 251 |  0.043 |     0.034 |     0.055 |   -0.002 |   -0.002 |
    |   91 | 221 | 234 | 235 |  0.697 |     0.600 |     0.919 |   -0.035 |   -0.030 |
    |   92 | 278 | 282 | 283 |  0.519 |    -0.425 |     0.671 |   -0.026 |    0.021 |
    |   93 | 214 | 155 | 215 |  2.495 |     1.118 |     2.734 |   -0.125 |   -0.056 |
    |   94 | 231 | 232 | 236 |  0.539 |     0.416 |     0.681 |   -0.027 |   -0.021 |
    |   95 | 156 |  27 | 219 |  2.480 |    -0.199 |     2.488 |   -0.124 |    0.010 |
    |   96 |  39 | 155 | 214 |  2.519 |     0.224 |     2.529 |   -0.126 |   -0.011 |
    |   97 | 283 | 347 | 356 |  0.712 |    -0.828 |     1.092 |   -0.036 |    0.041 |
    |   98 | 153 | 231 | 236 |  0.541 |     0.223 |     0.585 |   -0.027 |   -0.011 |
    |   99 | 262 | 261 | 279 |  0.153 |    -0.118 |     0.193 |   -0.008 |    0.006 |
    |  100 |  27 |  28 | 219 |  3.035 |    -0.508 |     3.078 |   -0.152 |    0.025 |
    |  101 |  38 |  39 | 214 |  3.025 |     0.525 |     3.070 |   -0.151 |   -0.026 |
    |  102 | 157 | 220 | 316 |  1.333 |     0.604 |     1.463 |   -0.067 |   -0.030 |
    |  103 | 253 | 230 | 254 |  0.144 |     0.123 |     0.189 |   -0.007 |   -0.006 |
    |  104 | 278 | 277 | 282 |  0.538 |    -0.414 |     0.679 |   -0.027 |    0.021 |
    |  105 | 261 | 150 | 279 |  0.153 |    -0.064 |     0.166 |   -0.008 |    0.003 |
    |  106 | 260 | 285 | 286 |  0.041 |    -0.036 |     0.054 |   -0.002 |    0.002 |
    |  107 | 277 | 154 | 282 |  0.541 |    -0.222 |     0.585 |   -0.027 |    0.011 |
    |  108 | 141 | 269 | 292 |  0.010 |    -0.006 |     0.011 |   -0.000 |    0.000 |
    |  109 |  81 |  82 | 213 |  0.000 |     3.974 |     3.974 |    0.000 |   -0.199 |
    |  110 | 269 | 270 | 292 |  0.010 |    -0.011 |     0.015 |   -0.001 |    0.001 |
    |  111 | 231 | 153 | 293 |  0.519 |     0.236 |     0.570 |   -0.026 |   -0.012 |
    |  112 | 150 | 261 | 294 |  0.147 |    -0.067 |     0.162 |   -0.007 |    0.003 |
    |  113 | 243 | 145 | 295 |  0.041 |     0.020 |     0.045 |   -0.002 |   -0.001 |
    |  114 |  41 | 157 | 316 |  1.333 |     0.125 |     1.339 |   -0.067 |   -0.006 |
    |  115 | 269 | 141 | 296 |  0.014 |    -0.009 |     0.016 |   -0.001 |    0.000 |
    |  116 | 226 | 225 | 254 |  0.210 |     0.087 |     0.227 |   -0.010 |   -0.004 |
    |  117 | 154 | 277 | 297 |  0.519 |    -0.235 |     0.570 |   -0.026 |    0.012 |
    |  118 | 145 | 251 | 298 |  0.057 |     0.026 |     0.063 |   -0.003 |   -0.001 |
    |  119 | 255 | 256 | 286 |  0.059 |    -0.025 |     0.064 |   -0.003 |    0.001 |
    |  120 | 230 | 226 | 254 |  0.210 |     0.161 |     0.265 |   -0.011 |   -0.008 |
    |  121 |  80 | 140 | 222 |  0.663 |     2.508 |     2.594 |   -0.033 |   -0.125 |
    |  122 |  93 |  94 | 212 | -0.000 |    -5.221 |     5.221 |    0.000 |    0.261 |
    |  123 |  56 |  57 | 290 |  0.007 |     0.003 |     0.007 |   -0.000 |   -0.000 |
    |  124 | 256 | 260 | 286 |  0.059 |    -0.046 |     0.075 |   -0.003 |    0.002 |
    |  125 | 280 | 281 | 282 |  0.744 |    -0.299 |     0.802 |   -0.037 |    0.015 |
    |  126 | 282 | 281 | 283 |  0.737 |    -0.564 |     0.928 |   -0.037 |    0.028 |
    |  127 |  95 |  96 | 139 |  0.000 |    -2.930 |     2.930 |    0.000 |    0.146 |
    |  128 |  80 |  81 | 140 |  0.000 |     2.924 |     2.924 |    0.000 |   -0.146 |
    |  129 | 157 | 233 | 234 |  0.974 |     0.443 |     1.069 |   -0.049 |   -0.022 |
    |  130 | 252 | 253 | 254 |  0.153 |     0.117 |     0.193 |   -0.008 |   -0.006 |
    |  131 | 272 | 276 | 279 |  0.210 |    -0.161 |     0.265 |   -0.011 |    0.008 |
    |  132 | 246 | 249 | 252 |  0.112 |     0.086 |     0.141 |   -0.006 |   -0.004 |
    |  133 | 154 | 280 | 282 |  0.710 |    -0.320 |     0.778 |   -0.035 |    0.016 |
    |  134 | 285 | 284 | 286 |  0.043 |    -0.034 |     0.055 |   -0.002 |    0.002 |
    |  135 | 267 | 264 | 284 |  0.031 |    -0.025 |     0.040 |   -0.002 |    0.001 |
    |  136 | 158 |  25 | 224 |  1.325 |    -0.117 |     1.331 |   -0.066 |    0.006 |
    |  137 | 215 | 216 | 217 |  1.886 |     1.428 |     2.366 |   -0.094 |   -0.071 |
    |  138 | 151 | 225 | 226 |  0.277 |     0.126 |     0.304 |   -0.014 |   -0.006 |
    |  139 | 144 | 237 | 238 |  0.021 |     0.011 |     0.023 |   -0.001 |   -0.001 |
    |  140 | 255 | 148 | 256 |  0.078 |    -0.036 |     0.086 |   -0.004 |    0.002 |
    |  141 | 143 | 263 | 264 |  0.029 |    -0.015 |     0.033 |   -0.001 |    0.001 |
    |  142 | 252 | 249 | 253 |  0.105 |     0.090 |     0.139 |   -0.005 |   -0.005 |
    |  143 | 280 | 158 | 281 |  0.967 |    -0.431 |     1.059 |   -0.048 |    0.022 |
    |  144 | 264 | 263 | 284 |  0.031 |    -0.014 |     0.034 |   -0.002 |    0.001 |
    |  145 | 271 | 272 | 279 |  0.210 |    -0.087 |     0.227 |   -0.010 |    0.004 |
    |  146 | 245 | 246 | 252 |  0.112 |     0.047 |     0.121 |   -0.006 |   -0.002 |
    |  147 |  51 | 145 | 298 |  0.057 |     0.006 |     0.057 |   -0.003 |   -0.000 |
    |  148 |  22 | 154 | 297 |  0.519 |    -0.049 |     0.521 |   -0.026 |    0.002 |
    |  149 | 242 | 238 | 287 |  0.015 |     0.015 |     0.021 |   -0.001 |   -0.001 |
    |  150 | 238 | 237 | 287 |  0.015 |     0.008 |     0.017 |   -0.001 |   -0.000 |
    |  151 | 153 |  44 | 293 |  0.519 |     0.049 |     0.522 |   -0.026 |   -0.002 |
    |  152 |  18 | 150 | 294 |  0.147 |    -0.014 |     0.148 |   -0.007 |    0.001 |
    |  153 | 145 |  52 | 295 |  0.041 |     0.004 |     0.041 |   -0.002 |   -0.000 |
    |  154 | 141 |  11 | 296 |  0.014 |    -0.002 |     0.014 |   -0.001 |    0.000 |
    |  155 | 267 | 284 | 285 |  0.029 |    -0.026 |     0.039 |   -0.001 |    0.001 |
    |  156 | 149 | 245 | 252 |  0.147 |     0.067 |     0.162 |   -0.007 |   -0.003 |
    |  157 | 150 | 271 | 279 |  0.202 |    -0.092 |     0.222 |   -0.010 |    0.005 |
    |  158 | 225 | 149 | 254 |  0.202 |     0.092 |     0.222 |   -0.010 |   -0.005 |
    |  159 | 215 | 155 | 216 |  1.905 |     0.778 |     2.057 |   -0.095 |   -0.039 |
    |  160 | 142 |  56 | 290 |  0.009 |     0.001 |     0.009 |   -0.000 |   -0.000 |
    |  161 | 151 |  46 | 225 |  0.277 |     0.026 |     0.278 |   -0.014 |   -0.001 |
    |  162 | 149 |  48 | 245 |  0.147 |     0.014 |     0.148 |   -0.007 |   -0.001 |
    |  163 | 144 |  54 | 237 |  0.021 |     0.002 |     0.021 |   -0.001 |   -0.000 |
    |  164 | 150 |  19 | 271 |  0.202 |    -0.019 |     0.203 |   -0.010 |    0.001 |
    |  165 |  16 | 148 | 255 |  0.078 |    -0.007 |     0.079 |   -0.004 |    0.000 |
    |  166 | 143 |  13 | 263 |  0.029 |    -0.003 |     0.030 |   -0.001 |    0.000 |
    |  167 | 157 |  42 | 233 |  0.974 |     0.092 |     0.978 |   -0.049 |   -0.005 |
    |  168 | 154 |  23 | 280 |  0.710 |    -0.067 |     0.713 |   -0.036 |    0.003 |
    |  169 | 139 |  96 | 223 |  0.677 |    -2.504 |     2.594 |   -0.034 |    0.125 |
    |  170 | 151 | 227 | 293 |  0.379 |     0.172 |     0.416 |   -0.019 |   -0.009 |
    |  171 | 257 | 148 | 294 |  0.107 |    -0.049 |     0.118 |   -0.005 |    0.002 |
    |  172 | 144 | 239 | 295 |  0.029 |     0.015 |     0.033 |   -0.001 |   -0.001 |
    |  173 | 143 | 265 | 296 |  0.021 |    -0.011 |     0.023 |   -0.001 |    0.001 |
    |  174 | 146 | 255 | 286 |  0.057 |    -0.026 |     0.063 |   -0.003 |    0.001 |
    |  175 | 227 | 231 | 293 |  0.394 |     0.164 |     0.427 |   -0.020 |   -0.008 |
    |  176 | 261 | 257 | 294 |  0.112 |    -0.047 |     0.121 |   -0.006 |    0.002 |
    |  177 | 239 | 243 | 295 |  0.031 |     0.014 |     0.034 |   -0.002 |   -0.001 |
    |  178 | 265 | 264 | 266 |  0.022 |    -0.019 |     0.029 |   -0.001 |    0.001 |
    |  179 | 256 | 257 | 258 |  0.081 |    -0.063 |     0.103 |   -0.004 |    0.003 |
    |  180 | 227 | 226 | 228 |  0.288 |     0.221 |     0.363 |   -0.014 |   -0.011 |
    |  181 | 239 | 238 | 240 |  0.022 |     0.019 |     0.029 |   -0.001 |   -0.001 |
    |  182 | 265 | 269 | 296 |  0.015 |    -0.008 |     0.017 |   -0.001 |    0.000 |
    |  183 | 234 | 233 | 236 |  0.739 |     0.306 |     0.800 |   -0.037 |   -0.015 |
    |  184 |  26 | 156 | 224 |  1.802 |    -0.154 |     1.808 |   -0.090 |    0.008 |
    |  185 |  39 |  40 | 155 |  2.216 |     0.399 |     2.251 |   -0.111 |   -0.020 |
    |  186 |  26 |  27 | 156 |  2.210 |    -0.380 |     2.243 |   -0.111 |    0.019 |
    |  187 | 272 | 273 | 274 |  0.288 |    -0.221 |     0.363 |   -0.014 |    0.011 |
    |  188 | 246 | 247 | 248 |  0.082 |     0.063 |     0.103 |   -0.004 |   -0.003 |
    |  189 | 233 | 153 | 236 |  0.711 |     0.322 |     0.781 |   -0.036 |   -0.016 |
    |  190 | 271 | 152 | 272 |  0.277 |    -0.126 |     0.304 |   -0.014 |    0.006 |
    |  191 | 245 | 147 | 246 |  0.107 |     0.049 |     0.118 |   -0.005 |   -0.002 |
    |  192 |  97 | 138 | 223 |  0.502 |    -1.823 |     1.891 |   -0.025 |    0.091 |
    |  193 | 151 | 226 | 227 |  0.288 |     0.120 |     0.312 |   -0.014 |   -0.006 |
    |  194 | 143 | 264 | 265 |  0.022 |    -0.010 |     0.024 |   -0.001 |    0.001 |
    |  195 | 256 | 148 | 257 |  0.081 |    -0.034 |     0.088 |   -0.004 |    0.002 |
    |  196 | 144 | 238 | 239 |  0.022 |     0.010 |     0.024 |   -0.001 |   -0.001 |
    |  197 | 273 | 152 | 297 |  0.379 |    -0.172 |     0.416 |   -0.019 |    0.009 |
    |  198 | 247 | 147 | 298 |  0.078 |     0.036 |     0.086 |   -0.004 |   -0.002 |
    |  199 | 220 | 216 | 316 |  1.390 |     0.572 |     1.503 |   -0.069 |   -0.029 |
    |  200 | 277 | 273 | 297 |  0.394 |    -0.163 |     0.427 |   -0.020 |    0.008 |
    |  201 | 251 | 247 | 298 |  0.059 |     0.025 |     0.064 |   -0.003 |   -0.001 |
    |  202 | 291 | 141 | 292 |  0.009 |    -0.007 |     0.011 |   -0.000 |    0.000 |
    |  203 | 242 | 287 | 288 |  0.010 |     0.012 |     0.015 |   -0.000 |   -0.001 |
    |  204 | 263 | 146 | 284 |  0.041 |    -0.020 |     0.045 |   -0.002 |    0.001 |
    |  205 | 227 | 228 | 229 |  0.270 |     0.232 |     0.356 |   -0.014 |   -0.012 |
    |  206 | 258 | 257 | 259 |  0.077 |    -0.066 |     0.101 |   -0.004 |    0.003 |
    |  207 | 239 | 240 | 241 |  0.021 |     0.020 |     0.029 |   -0.001 |   -0.001 |
    |  208 | 256 | 258 | 260 |  0.056 |    -0.049 |     0.074 |   -0.003 |    0.002 |
    |  209 | 266 | 264 | 267 |  0.021 |    -0.020 |     0.029 |   -0.001 |    0.001 |
    |  210 | 228 | 226 | 230 |  0.197 |     0.169 |     0.260 |   -0.010 |   -0.008 |
    |  211 | 274 | 273 | 275 |  0.270 |    -0.232 |     0.356 |   -0.014 |    0.012 |
    |  212 | 248 | 247 | 250 |  0.056 |     0.048 |     0.074 |   -0.003 |   -0.002 |
    |  213 | 272 | 274 | 276 |  0.197 |    -0.169 |     0.260 |   -0.010 |    0.008 |
    |  214 | 246 | 248 | 249 |  0.077 |     0.066 |     0.101 |   -0.004 |   -0.003 |
    |  215 | 149 | 252 | 254 |  0.153 |     0.064 |     0.166 |   -0.008 |   -0.003 |
    |  216 | 272 | 152 | 273 |  0.288 |    -0.120 |     0.312 |   -0.014 |    0.006 |
    |  217 | 246 | 147 | 247 |  0.082 |     0.034 |     0.088 |   -0.004 |   -0.002 |
    |  218 |  10 | 141 | 291 |  0.008 |    -0.001 |     0.009 |   -0.000 |    0.000 |
    |  219 | 237 | 142 | 287 |  0.014 |     0.009 |     0.016 |   -0.001 |   -0.000 |
    |  220 |  79 |  80 | 222 |  0.000 |     2.150 |     2.150 |    0.000 |   -0.108 |
    |  221 | 265 | 266 | 268 |  0.015 |    -0.015 |     0.021 |   -0.001 |    0.001 |
    |  222 | 240 | 238 | 242 |  0.015 |     0.015 |     0.021 |   -0.001 |   -0.001 |
    |  223 |  49 | 147 | 245 |  0.107 |     0.010 |     0.108 |   -0.005 |   -0.001 |
    |  224 |  55 | 142 | 237 |  0.014 |     0.002 |     0.014 |   -0.001 |   -0.000 |
    |  225 |  14 | 146 | 263 |  0.041 |    -0.004 |     0.041 |   -0.002 |    0.000 |
    |  226 |  20 | 152 | 271 |  0.277 |    -0.026 |     0.278 |   -0.014 |    0.001 |
    |  227 | 146 |  15 | 255 |  0.057 |    -0.006 |     0.057 |   -0.003 |    0.000 |
    |  228 |  47 | 149 | 225 |  0.202 |     0.019 |     0.203 |   -0.010 |   -0.001 |
    |  229 |  24 | 158 | 280 |  0.971 |    -0.089 |     0.975 |   -0.049 |    0.004 |
    |  230 |  43 | 153 | 233 |  0.711 |     0.067 |     0.714 |   -0.036 |   -0.003 |
    |  231 | 284 | 146 | 286 |  0.043 |    -0.018 |     0.047 |   -0.002 |    0.001 |
    |  232 |  47 |  48 | 149 |  0.179 |     0.032 |     0.182 |   -0.009 |   -0.002 |
    |  233 |  24 |  25 | 158 |  1.178 |    -0.207 |     1.196 |   -0.059 |    0.010 |
    |  234 |  49 |  50 | 147 |  0.095 |     0.017 |     0.097 |   -0.005 |   -0.001 |
    |  235 |  45 |  46 | 151 |  0.336 |     0.061 |     0.342 |   -0.017 |   -0.003 |
    |  236 |  55 |  56 | 142 |  0.012 |     0.003 |     0.012 |   -0.001 |   -0.000 |
    |  237 |  18 |  19 | 150 |  0.179 |    -0.032 |     0.182 |   -0.009 |    0.002 |
    |  238 |  22 |  23 | 154 |  0.630 |    -0.113 |     0.640 |   -0.031 |    0.006 |
    |  239 |  20 |  21 | 152 |  0.336 |    -0.061 |     0.342 |   -0.017 |    0.003 |
    |  240 |  10 |  11 | 141 |  0.012 |    -0.003 |     0.012 |   -0.001 |    0.000 |
    |  241 |  53 |  54 | 144 |  0.026 |     0.005 |     0.026 |   -0.001 |   -0.000 |
    |  242 |  12 |  13 | 143 |  0.026 |    -0.005 |     0.026 |   -0.001 |    0.000 |
    |  243 |  14 |  15 | 146 |  0.050 |    -0.009 |     0.051 |   -0.003 |    0.000 |
    |  244 |  16 |  17 | 148 |  0.095 |    -0.017 |     0.097 |   -0.005 |    0.001 |
    |  245 |  41 |  42 | 157 |  1.182 |     0.213 |     1.201 |   -0.059 |   -0.011 |
    |  246 |  51 |  52 | 145 |  0.050 |     0.009 |     0.051 |   -0.003 |   -0.000 |
    |  247 |  43 |  44 | 153 |  0.631 |     0.113 |     0.641 |   -0.032 |   -0.006 |
    |  248 | 289 | 142 | 290 |  0.009 |     0.007 |     0.011 |   -0.000 |   -0.000 |
    |  249 | 287 | 142 | 289 |  0.010 |     0.006 |     0.011 |   -0.000 |   -0.000 |
    |  250 |  25 |  26 | 224 |  1.617 |    -0.277 |     1.641 |   -0.081 |    0.014 |
    |  251 | 216 | 155 | 316 |  1.825 |     0.825 |     2.002 |   -0.091 |   -0.041 |
    |  252 | 183 | 181 | 186 |  9.454 |     8.368 |    12.625 |   -0.473 |   -0.418 |
    |  253 |  54 |  55 | 237 |  0.018 |     0.004 |     0.018 |   -0.001 |   -0.000 |
    |  254 |  42 |  43 | 233 |  0.864 |     0.155 |     0.877 |   -0.043 |   -0.008 |
    |  255 |  48 |  49 | 245 |  0.131 |     0.024 |     0.133 |   -0.007 |   -0.001 |
    |  256 |  19 |  20 | 271 |  0.246 |    -0.044 |     0.249 |   -0.012 |    0.002 |
    |  257 |  15 |  16 | 255 |  0.069 |    -0.013 |     0.070 |   -0.003 |    0.001 |
    |  258 |  13 |  14 | 263 |  0.036 |    -0.007 |     0.037 |   -0.002 |    0.000 |
    |  259 |  46 |  47 | 225 |  0.246 |     0.044 |     0.250 |   -0.012 |   -0.002 |
    |  260 |  23 |  24 | 280 |  0.861 |    -0.153 |     0.875 |   -0.043 |    0.008 |
    |  261 | 259 | 261 | 262 |  0.105 |    -0.090 |     0.139 |   -0.005 |    0.005 |
    |  262 | 231 | 229 | 232 |  0.371 |     0.316 |     0.488 |   -0.019 |   -0.016 |
    |  263 | 243 | 241 | 244 |  0.029 |     0.026 |     0.039 |   -0.001 |   -0.001 |
    |  264 | 275 | 277 | 278 |  0.372 |    -0.316 |     0.488 |   -0.019 |    0.016 |
    |  265 |  59 |  60 | 163 |  0.002 |     0.009 |     0.009 |   -0.000 |   -0.000 |
    |  266 | 116 | 117 | 164 |  0.002 |    -0.009 |     0.009 |   -0.000 |    0.000 |
    |  267 |   9 |  10 | 291 |  0.007 |    -0.003 |     0.007 |   -0.000 |    0.000 |
    |  268 |  45 | 151 | 293 |  0.379 |     0.036 |     0.381 |   -0.019 |   -0.002 |
    |  269 | 148 |  17 | 294 |  0.107 |    -0.010 |     0.108 |   -0.005 |    0.001 |
    |  270 |  53 | 144 | 295 |  0.029 |     0.003 |     0.030 |   -0.001 |   -0.000 |
    |  271 | 137 |  79 | 222 |  0.485 |     1.835 |     1.898 |   -0.024 |   -0.092 |
    |  272 |  12 | 143 | 296 |  0.021 |    -0.002 |     0.021 |   -0.001 |    0.000 |
    |  273 |  44 |  45 | 293 |  0.461 |     0.083 |     0.468 |   -0.023 |   -0.004 |
    |  274 |  52 |  53 | 295 |  0.036 |     0.007 |     0.037 |   -0.002 |   -0.000 |
    |  275 |  17 |  18 | 294 |  0.131 |    -0.024 |     0.133 |   -0.007 |    0.001 |
    |  276 | 152 |  21 | 297 |  0.379 |    -0.036 |     0.381 |   -0.019 |    0.002 |
    |  277 | 147 |  50 | 298 |  0.078 |     0.007 |     0.079 |   -0.004 |   -0.000 |
    |  278 |  11 |  12 | 296 |  0.018 |    -0.004 |     0.018 |   -0.001 |    0.000 |
    |  279 |  21 |  22 | 297 |  0.460 |    -0.083 |     0.468 |   -0.023 |    0.004 |
    |  280 |  50 |  51 | 298 |  0.069 |     0.013 |     0.070 |   -0.003 |   -0.001 |
    |  281 |  96 |  97 | 223 |  0.000 |    -2.114 |     2.114 |   -0.000 |    0.106 |
    |  282 | 227 | 229 | 231 |  0.394 |     0.302 |     0.496 |   -0.020 |   -0.015 |
    |  283 | 259 | 257 | 261 |  0.112 |    -0.086 |     0.141 |   -0.006 |    0.004 |
    |  284 | 239 | 241 | 243 |  0.031 |     0.025 |     0.040 |   -0.002 |   -0.001 |
    |  285 | 250 | 247 | 251 |  0.059 |     0.046 |     0.075 |   -0.003 |   -0.002 |
    |  286 | 275 | 273 | 277 |  0.394 |    -0.302 |     0.496 |   -0.020 |    0.015 |
    |  287 | 269 | 268 | 270 |  0.010 |    -0.012 |     0.015 |   -0.000 |    0.001 |
    |  288 | 265 | 268 | 269 |  0.015 |    -0.015 |     0.021 |   -0.001 |    0.001 |
    |  289 | 288 | 287 | 289 |  0.010 |     0.011 |     0.015 |   -0.001 |   -0.001 |
    |  290 |  66 |  67 | 126 | -0.000 |     0.038 |     0.038 |    0.000 |   -0.002 |
    |  291 |  64 |  65 | 124 |  0.000 |     0.022 |     0.022 |    0.000 |   -0.001 |
    |  292 |  69 |  70 | 300 | -0.000 |     0.093 |     0.093 |    0.000 |   -0.005 |
    |  293 |  77 |  78 | 301 |  0.000 |     1.152 |     1.152 |    0.000 |   -0.058 |
    |  294 |  71 |  72 | 302 |  0.000 |     0.174 |     0.174 |    0.000 |   -0.009 |
    |  295 | 100 | 101 | 303 |  0.000 |    -0.610 |     0.610 |   -0.000 |    0.031 |
    |  296 |  65 |  66 | 299 |  0.000 |     0.028 |     0.028 |    0.000 |   -0.001 |
    |  297 |  73 |  74 | 304 |  0.000 |     0.325 |     0.325 |   -0.000 |   -0.016 |
    |  298 |  99 | 100 | 136 |  0.000 |    -0.837 |     0.837 |   -0.000 |    0.042 |
    |  299 |  67 |  68 | 308 |  0.000 |     0.051 |     0.051 |   -0.000 |   -0.003 |
    |  300 | 110 | 111 | 305 |  0.000 |    -0.028 |     0.028 |    0.000 |    0.001 |
    |  301 |  97 |  98 | 138 | -0.000 |    -1.553 |     1.553 |   -0.000 |    0.078 |
    |  302 |  76 |  77 | 135 |  0.000 |     0.838 |     0.838 |    0.000 |   -0.042 |
    |  303 | 101 | 102 | 134 | -0.000 |    -0.444 |     0.444 |   -0.000 |    0.022 |
    |  304 |  98 |  99 | 306 |  0.000 |    -1.141 |     1.141 |   -0.000 |    0.057 |
    |  305 |  68 |  69 | 128 |  0.000 |     0.069 |     0.069 |    0.000 |   -0.003 |
    |  306 |  70 |  71 | 129 |  0.000 |     0.127 |     0.127 |   -0.000 |   -0.006 |
    |  307 |  78 |  79 | 137 |  0.000 |     1.568 |     1.568 |    0.000 |   -0.078 |
    |  308 | 106 | 107 | 311 | -0.000 |    -0.093 |     0.093 |   -0.000 |    0.005 |
    |  309 | 104 | 105 | 314 | -0.000 |    -0.174 |     0.174 |    0.000 |    0.009 |
    |  310 | 108 | 109 | 312 |  0.000 |    -0.051 |     0.051 |    0.000 |    0.003 |
    |  311 | 102 | 103 | 310 |  0.000 |    -0.325 |     0.325 |   -0.000 |    0.016 |
    |  312 |  75 |  76 | 313 |  0.000 |     0.611 |     0.611 |    0.000 |   -0.031 |
    |  313 |  72 |  73 | 132 | -0.000 |     0.238 |     0.238 |    0.000 |   -0.012 |
    |  314 |  74 |  75 | 133 |  0.000 |     0.444 |     0.444 |    0.000 |   -0.022 |
    |  315 | 105 | 106 | 130 | -0.000 |    -0.127 |     0.127 |   -0.000 |    0.006 |
    |  316 | 107 | 108 | 127 | -0.000 |    -0.069 |     0.069 |    0.000 |    0.003 |
    |  317 | 109 | 110 | 125 | -0.000 |    -0.038 |     0.038 |    0.000 |    0.002 |
    |  318 | 111 | 112 | 123 |  0.000 |    -0.022 |     0.022 |   -0.000 |    0.001 |
    |  319 | 103 | 104 | 131 | -0.000 |    -0.238 |     0.238 |    0.000 |    0.012 |
    |  320 | 138 | 306 | 307 |  0.365 |    -1.225 |     1.278 |   -0.018 |    0.061 |
    |  321 |  32 | 197 | 396 | 11.109 |    -0.512 |    11.121 |   -0.555 |    0.026 |
    |  322 |  63 |  64 | 315 |  0.000 |     0.017 |     0.017 |    0.000 |   -0.001 |
    |  323 | 112 | 113 | 309 | -0.000 |    -0.017 |     0.017 |    0.000 |    0.001 |
    |  324 |  62 |  63 | 174 |  0.000 |     0.015 |     0.015 |   -0.000 |   -0.001 |
    |  325 | 113 | 114 | 173 |  0.000 |    -0.015 |     0.015 |   -0.000 |    0.001 |
    |  326 |  66 | 126 | 299 |  0.008 |     0.033 |     0.034 |   -0.000 |   -0.002 |
    |  327 |  70 | 129 | 300 |  0.029 |     0.110 |     0.114 |   -0.001 |   -0.006 |
    |  328 | 126 |  67 | 308 |  0.011 |     0.044 |     0.046 |   -0.001 |   -0.002 |
    |  329 | 124 |  65 | 299 |  0.006 |     0.025 |     0.026 |   -0.000 |   -0.001 |
    |  330 |  78 | 137 | 301 |  0.355 |     1.344 |     1.390 |   -0.018 |   -0.067 |
    |  331 | 128 |  69 | 300 |  0.021 |     0.081 |     0.084 |   -0.001 |   -0.004 |
    |  332 |  68 | 128 | 308 |  0.016 |     0.060 |     0.062 |   -0.001 |   -0.003 |
    |  333 | 136 | 100 | 303 |  0.188 |    -0.719 |     0.744 |   -0.009 |    0.036 |
    |  334 | 135 |  77 | 301 |  0.259 |     0.983 |     1.017 |   -0.013 |   -0.049 |
    |  335 | 101 | 134 | 303 |  0.139 |    -0.524 |     0.542 |   -0.007 |    0.026 |
    |  336 | 129 |  71 | 302 |  0.040 |     0.151 |     0.156 |   -0.002 |   -0.008 |
    |  337 |  72 | 132 | 302 |  0.055 |     0.206 |     0.213 |   -0.003 |   -0.010 |
    |  338 |  99 | 136 | 306 |  0.260 |    -0.982 |     1.016 |   -0.013 |    0.049 |
    |  339 |  74 | 133 | 304 |  0.103 |     0.384 |     0.398 |   -0.005 |   -0.019 |
    |  340 | 138 |  98 | 306 |  0.361 |    -1.342 |     1.389 |   -0.018 |    0.067 |
    |  341 |  76 | 135 | 313 |  0.189 |     0.720 |     0.744 |   -0.009 |   -0.036 |
    |  342 | 132 |  73 | 304 |  0.075 |     0.281 |     0.291 |   -0.004 |   -0.014 |
    |  343 | 111 | 123 | 305 |  0.006 |    -0.025 |     0.026 |   -0.000 |    0.001 |
    |  344 | 134 | 102 | 310 |  0.103 |    -0.384 |     0.398 |   -0.005 |    0.019 |
    |  345 | 125 | 110 | 305 |  0.008 |    -0.033 |     0.034 |   -0.000 |    0.002 |
    |  346 | 133 |  75 | 313 |  0.139 |     0.524 |     0.542 |   -0.007 |   -0.026 |
    |  347 | 107 | 127 | 311 |  0.021 |    -0.081 |     0.084 |   -0.001 |    0.004 |
    |  348 | 131 | 104 | 314 |  0.055 |    -0.206 |     0.213 |   -0.003 |    0.010 |
    |  349 | 109 | 125 | 312 |  0.011 |    -0.044 |     0.045 |   -0.001 |    0.002 |
    |  350 | 130 | 106 | 311 |  0.029 |    -0.110 |     0.114 |   -0.001 |    0.006 |
    |  351 | 103 | 131 | 310 |  0.075 |    -0.281 |     0.291 |   -0.004 |    0.014 |
    |  352 | 127 | 108 | 312 |  0.016 |    -0.060 |     0.062 |   -0.001 |    0.003 |
    |  353 | 105 | 130 | 314 |  0.040 |    -0.151 |     0.156 |   -0.002 |    0.008 |
    |  354 | 172 | 188 | 373 |  8.944 |    -6.486 |    11.048 |   -0.447 |    0.324 |
    |  355 |  40 |  41 | 316 |  1.618 |     0.291 |     1.644 |   -0.081 |   -0.015 |
    |  356 |  64 | 124 | 315 |  0.004 |     0.019 |     0.020 |   -0.000 |   -0.001 |
    |  357 | 123 | 112 | 309 |  0.004 |    -0.019 |     0.020 |   -0.000 |    0.001 |
    |  358 | 174 |  63 | 315 |  0.002 |     0.016 |     0.016 |   -0.000 |   -0.001 |
    |  359 | 113 | 173 | 309 |  0.002 |    -0.016 |     0.016 |   -0.000 |    0.001 |
    |  360 | 155 |  40 | 316 |  1.824 |     0.172 |     1.832 |   -0.091 |   -0.009 |
    |  361 | 217 | 216 | 218 |  1.333 |     1.101 |     1.729 |   -0.067 |   -0.055 |
    |  362 | 218 | 220 | 221 |  0.958 |     0.819 |     1.261 |   -0.048 |   -0.041 |
    |  363 |  33 | 165 | 386 | 12.453 |     0.058 |    12.453 |   -0.623 |   -0.003 |
    |  364 | 208 | 324 | 364 |  2.335 |     2.163 |     3.183 |   -0.117 |   -0.108 |
    |  365 | 218 | 216 | 220 |  1.387 |     1.071 |     1.752 |   -0.069 |   -0.054 |
    |  366 | 198 | 212 | 381 |  1.043 |    -4.074 |     4.206 |   -0.052 |    0.204 |
    |  367 | 200 | 201 | 202 |  1.357 |    -1.506 |     2.027 |   -0.068 |    0.075 |
    |  368 |  84 |  85 | 389 |  0.000 |     8.910 |     8.910 |    0.000 |   -0.445 |
    |  369 | 353 | 313 | 355 |  0.309 |     0.588 |     0.664 |   -0.015 |   -0.029 |
    |  370 | 200 | 199 | 201 |  1.201 |    -1.583 |     1.987 |   -0.060 |    0.079 |
    |  371 | 303 | 352 | 354 |  0.308 |    -0.587 |     0.663 |   -0.015 |    0.029 |
    |  372 | 283 | 281 | 347 |  0.726 |    -0.571 |     0.924 |   -0.036 |    0.029 |
    |  373 | 192 | 391 | 392 |  5.152 |    -2.925 |     5.924 |   -0.258 |    0.146 |
    |  374 | 188 | 191 | 373 |  8.490 |    -3.420 |     9.153 |   -0.425 |    0.171 |
    |  375 | 352 | 278 | 354 |  0.311 |    -0.481 |     0.573 |   -0.016 |    0.024 |
    |  376 |  34 |  35 | 362 |  9.811 |     0.986 |     9.861 |   -0.491 |   -0.049 |
    |  377 | 232 | 353 | 355 |  0.311 |     0.480 |     0.572 |   -0.016 |   -0.024 |
    |  378 | 196 | 199 | 200 |  1.891 |    -2.063 |     2.799 |   -0.095 |    0.103 |
    |  379 | 211 | 119 | 365 |  1.654 |     5.608 |     5.847 |   -0.083 |   -0.280 |
    |  380 | 214 | 215 | 324 |  2.633 |     1.034 |     2.829 |   -0.132 |   -0.052 |
    |  381 | 196 | 195 | 199 |  1.947 |    -2.044 |     2.823 |   -0.097 |    0.102 |
    |  382 | 195 | 193 | 198 |  2.535 |    -3.759 |     4.533 |   -0.127 |    0.188 |
    |  383 | 222 | 338 | 357 |  1.093 |     2.051 |     2.324 |   -0.055 |   -0.103 |
    |  384 | 115 | 116 | 320 |  0.001 |    -0.012 |     0.012 |   -0.000 |    0.001 |
    |  385 |  60 |  61 | 321 |  0.001 |     0.012 |     0.012 |   -0.000 |   -0.001 |
    |  386 | 117 | 118 | 319 |  0.002 |    -0.006 |     0.006 |   -0.000 |    0.000 |
    |  387 |  58 |  59 | 322 |  0.002 |     0.006 |     0.006 |   -0.000 |   -0.000 |
    |  388 |  92 | 120 | 369 |  1.687 |    -8.303 |     8.473 |   -0.084 |    0.415 |
    |  389 | 355 | 135 | 359 |  0.431 |     0.801 |     0.910 |   -0.022 |   -0.040 |
    |  390 | 212 |  94 | 381 |  1.034 |    -4.682 |     4.794 |   -0.052 |    0.234 |
    |  391 | 222 | 140 | 338 |  0.662 |     2.307 |     2.401 |   -0.033 |   -0.115 |
    |  392 | 194 | 195 | 196 |  2.662 |    -2.670 |     3.770 |   -0.133 |    0.133 |
    |  393 | 136 | 354 | 356 |  0.430 |    -0.801 |     0.910 |   -0.022 |    0.040 |
    |  394 | 204 | 206 | 207 |  3.768 |     3.533 |     5.166 |   -0.188 |   -0.177 |
    |  395 | 194 | 193 | 195 |  2.655 |    -2.673 |     3.768 |   -0.133 |    0.134 |
    |  396 | 202 | 307 | 347 |  0.980 |    -1.107 |     1.479 |   -0.049 |    0.055 |
    |  397 | 197 | 380 | 385 | 13.903 |    -2.066 |    14.056 |   -0.695 |    0.103 |
    |  398 | 165 |  34 | 362 | 11.384 |     0.436 |    11.392 |   -0.569 |   -0.022 |
    |  399 | 207 | 206 | 208 |  2.831 |     3.576 |     4.561 |   -0.142 |   -0.179 |
    |  400 | 327 | 208 | 364 |  2.345 |     2.825 |     3.672 |   -0.117 |   -0.141 |
    |  401 | 192 | 193 | 194 |  3.682 |    -3.447 |     5.044 |   -0.184 |    0.172 |
    |  402 | 362 |  35 | 390 |  9.900 |     1.077 |     9.958 |   -0.495 |   -0.054 |
    |  403 | 189 | 192 | 392 |  4.932 |    -3.116 |     5.834 |   -0.247 |    0.156 |
    |  404 | 137 | 222 | 357 |  0.484 |     1.718 |     1.785 |   -0.024 |   -0.086 |
    |  405 | 306 | 136 | 356 |  0.261 |    -0.910 |     0.947 |   -0.013 |    0.046 |
    |  406 | 209 | 162 | 392 |  6.551 |    -2.489 |     7.008 |   -0.328 |    0.124 |
    |  407 | 137 | 357 | 358 |  0.810 |     1.497 |     1.702 |   -0.040 |   -0.075 |
    |  408 | 301 | 137 | 358 |  0.356 |     1.260 |     1.310 |   -0.018 |   -0.063 |
    |  409 | 338 | 327 | 364 |  1.458 |     2.281 |     2.707 |   -0.073 |   -0.114 |
    |  410 | 140 | 213 | 327 |  0.901 |     3.131 |     3.258 |   -0.045 |   -0.157 |
    |  411 |  85 |   4 | 371 |  0.000 |    11.242 |    11.242 |    0.000 |   -0.562 |
    |  412 | 135 | 301 | 359 |  0.259 |     0.920 |     0.956 |   -0.013 |   -0.046 |
    |  413 | 192 | 190 | 193 |  3.621 |    -3.483 |     5.024 |   -0.181 |    0.174 |
    |  414 | 301 | 358 | 359 |  0.591 |     1.103 |     1.251 |   -0.030 |   -0.055 |
    |  415 | 164 | 117 | 319 |  0.001 |    -0.008 |     0.008 |   -0.000 |    0.000 |
    |  416 | 116 | 164 | 320 |  0.001 |    -0.011 |     0.011 |   -0.000 |    0.001 |
    |  417 | 163 |  60 | 321 |  0.001 |     0.011 |     0.011 |   -0.000 |   -0.001 |
    |  418 |  59 | 163 | 322 |  0.001 |     0.008 |     0.008 |   -0.000 |   -0.000 |
    |  419 | 121 | 214 | 324 |  3.386 |     1.531 |     3.716 |   -0.169 |   -0.077 |
    |  420 | 185 | 382 | 389 |  2.369 |     8.734 |     9.049 |   -0.118 |   -0.437 |
    |  421 |  31 |  32 | 396 |  9.753 |    -0.918 |     9.796 |   -0.488 |    0.046 |
    |  422 | 313 | 135 | 355 |  0.189 |     0.667 |     0.694 |   -0.009 |   -0.033 |
    |  423 | 136 | 303 | 354 |  0.189 |    -0.667 |     0.694 |   -0.009 |    0.033 |
    |  424 | 262 | 276 | 345 |  0.144 |    -0.172 |     0.224 |   -0.007 |    0.009 |
    |  425 | 204 | 184 | 205 |  5.429 |     3.949 |     6.713 |   -0.271 |   -0.197 |
    |  426 | 206 | 205 | 374 |  4.882 |     2.518 |     5.493 |   -0.244 |   -0.126 |
    |  427 | 230 | 253 | 346 |  0.144 |     0.172 |     0.224 |   -0.007 |   -0.009 |
    |  428 | 183 | 186 | 187 | 10.341 |     4.719 |    11.366 |   -0.517 |   -0.236 |
    |  429 | 275 | 278 | 352 |  0.371 |    -0.442 |     0.577 |   -0.019 |    0.022 |
    |  430 | 186 | 181 | 367 | 11.884 |     7.589 |    14.101 |   -0.594 |   -0.379 |
    |  431 | 172 | 177 | 188 |  6.971 |    -5.097 |     8.636 |   -0.349 |    0.255 |
    |  432 | 232 | 229 | 353 |  0.370 |     0.441 |     0.576 |   -0.019 |   -0.022 |
    |  433 | 274 | 275 | 351 |  0.270 |    -0.321 |     0.420 |   -0.014 |    0.016 |
    |  434 | 229 | 228 | 350 |  0.270 |     0.321 |     0.420 |   -0.013 |   -0.016 |
    |  435 | 158 | 224 | 363 |  1.312 |    -0.571 |     1.431 |   -0.066 |    0.029 |
    |  436 | 276 | 274 | 349 |  0.198 |    -0.235 |     0.307 |   -0.010 |    0.012 |
    |  437 | 228 | 230 | 348 |  0.197 |     0.235 |     0.307 |   -0.010 |   -0.012 |
    |  438 | 250 | 244 | 336 |  0.040 |     0.050 |     0.064 |   -0.002 |   -0.002 |
    |  439 | 161 |  89 | 360 |  1.729 |   -15.861 |    15.955 |   -0.086 |    0.793 |
    |  440 | 351 | 275 | 352 |  0.222 |    -0.353 |     0.417 |   -0.011 |    0.018 |
    |  441 | 229 | 350 | 353 |  0.222 |     0.352 |     0.417 |   -0.011 |   -0.018 |
    |  442 | 204 | 205 | 206 |  4.085 |     4.044 |     5.748 |   -0.204 |   -0.202 |
    |  443 | 349 | 274 | 351 |  0.161 |    -0.259 |     0.305 |   -0.008 |    0.013 |
    |  444 | 228 | 348 | 350 |  0.161 |     0.259 |     0.305 |   -0.008 |   -0.013 |
    |  445 | 230 | 346 | 348 |  0.118 |     0.189 |     0.223 |   -0.006 |   -0.009 |
    |  446 | 345 | 276 | 349 |  0.118 |    -0.189 |     0.223 |   -0.006 |    0.009 |
    |  447 | 285 | 260 | 337 |  0.040 |    -0.050 |     0.064 |   -0.002 |    0.002 |
    |  448 | 179 | 180 | 185 |  3.081 |    10.737 |    11.170 |   -0.154 |   -0.537 |
    |  449 | 253 | 249 | 344 |  0.105 |     0.126 |     0.164 |   -0.005 |   -0.006 |
    |  450 |  95 | 139 | 381 |  0.793 |    -3.413 |     3.504 |   -0.040 |    0.171 |
    |  451 | 189 | 190 | 192 |  4.938 |    -4.365 |     6.590 |   -0.247 |    0.218 |
    |  452 | 189 | 177 | 190 |  5.007 |    -4.332 |     6.621 |   -0.250 |    0.217 |
    |  453 | 249 | 248 | 342 |  0.077 |     0.092 |     0.120 |   -0.004 |   -0.005 |
    |  454 | 259 | 262 | 343 |  0.105 |    -0.126 |     0.164 |   -0.005 |    0.006 |
    |  455 | 258 | 259 | 341 |  0.077 |    -0.092 |     0.120 |   -0.004 |    0.005 |
    |  456 | 248 | 250 | 340 |  0.056 |     0.068 |     0.088 |   -0.003 |   -0.003 |
    |  457 | 253 | 344 | 346 |  0.086 |     0.138 |     0.163 |   -0.004 |   -0.007 |
    |  458 | 260 | 258 | 339 |  0.056 |    -0.068 |     0.088 |   -0.003 |    0.003 |
    |  459 | 249 | 342 | 344 |  0.063 |     0.101 |     0.119 |   -0.003 |   -0.005 |
    |  460 | 343 | 262 | 345 |  0.086 |    -0.138 |     0.163 |   -0.004 |    0.007 |
    |  461 | 248 | 340 | 342 |  0.046 |     0.074 |     0.087 |   -0.002 |   -0.004 |
    |  462 | 341 | 259 | 343 |  0.063 |    -0.101 |     0.119 |   -0.003 |    0.005 |
    |  463 | 339 | 258 | 341 |  0.046 |    -0.074 |     0.087 |   -0.002 |    0.004 |
    |  464 |  57 |   2 | 375 |  0.002 |     0.002 |     0.003 |   -0.000 |   -0.000 |
    |  465 |   2 |  58 | 375 |  0.002 |     0.002 |     0.003 |   -0.000 |   -0.000 |
    |  466 | 337 | 260 | 339 |  0.034 |    -0.054 |     0.064 |   -0.002 |    0.003 |
    |  467 | 250 | 336 | 340 |  0.033 |     0.054 |     0.064 |   -0.002 |   -0.003 |
    |  468 |   1 |   9 | 376 |  0.002 |    -0.002 |     0.003 |   -0.000 |    0.000 |
    |  469 | 118 |   1 | 376 |  0.002 |    -0.002 |     0.003 |   -0.000 |    0.000 |
    |  470 | 267 | 285 | 335 |  0.029 |    -0.037 |     0.047 |   -0.001 |    0.002 |
    |  471 | 266 | 267 | 333 |  0.021 |    -0.027 |     0.035 |   -0.001 |    0.001 |
    |  472 |  61 |   3 | 378 |  0.000 |     0.013 |     0.013 |   -0.000 |   -0.001 |
    |  473 |   8 | 115 | 379 |  0.000 |    -0.013 |     0.013 |   -0.000 |    0.001 |
    |  474 | 244 | 241 | 334 |  0.029 |     0.037 |     0.047 |   -0.001 |   -0.002 |
    |  475 |   3 |  62 | 378 | -0.000 |     0.013 |     0.013 |    0.000 |   -0.001 |
    |  476 | 114 |   8 | 379 | -0.000 |    -0.013 |     0.013 |   -0.000 |    0.001 |
    |  477 | 347 | 307 | 356 |  0.601 |    -0.895 |     1.078 |   -0.030 |    0.045 |
    |  478 | 241 | 240 | 330 |  0.021 |     0.027 |     0.035 |   -0.001 |   -0.001 |
    |  479 | 268 | 266 | 332 |  0.015 |    -0.021 |     0.025 |   -0.001 |    0.001 |
    |  480 | 335 | 285 | 337 |  0.024 |    -0.040 |     0.047 |   -0.001 |    0.002 |
    |  481 | 333 | 267 | 335 |  0.018 |    -0.030 |     0.035 |   -0.001 |    0.001 |
    |  482 | 240 | 242 | 329 |  0.015 |     0.021 |     0.025 |   -0.001 |   -0.001 |
    |  483 | 318 | 187 | 390 |  8.924 |     2.695 |     9.322 |   -0.446 |   -0.135 |
    |  484 | 244 | 334 | 336 |  0.024 |     0.040 |     0.047 |   -0.001 |   -0.002 |
    |  485 | 169 | 161 | 171 |  8.356 |   -10.688 |    13.567 |   -0.418 |    0.534 |
    |  486 | 270 | 268 | 331 |  0.010 |    -0.016 |     0.019 |   -0.000 |    0.001 |
    |  487 | 332 | 266 | 333 |  0.012 |    -0.022 |     0.026 |   -0.001 |    0.001 |
    |  488 | 241 | 330 | 334 |  0.018 |     0.030 |     0.035 |   -0.001 |   -0.001 |
    |  489 | 242 | 288 | 328 |  0.010 |     0.016 |     0.019 |   -0.000 |   -0.001 |
    |  490 | 240 | 329 | 330 |  0.012 |     0.022 |     0.026 |   -0.001 |   -0.001 |
    |  491 | 331 | 268 | 332 |  0.009 |    -0.017 |     0.019 |   -0.000 |    0.001 |
    |  492 | 242 | 328 | 329 |  0.009 |     0.017 |     0.019 |   -0.000 |   -0.001 |
    |  493 | 369 | 120 | 377 |  1.733 |    -8.523 |     8.697 |   -0.087 |    0.426 |
    |  494 | 381 | 139 | 395 |  0.771 |    -3.147 |     3.240 |   -0.039 |    0.157 |
    |  495 | 188 | 177 | 189 |  5.987 |    -5.300 |     7.996 |   -0.299 |    0.265 |
    |  496 | 235 | 232 | 355 |  0.512 |     0.612 |     0.797 |   -0.026 |   -0.031 |
    |  497 | 235 | 355 | 359 |  0.430 |     0.667 |     0.794 |   -0.022 |   -0.033 |
    |  498 | 177 | 176 | 317 |  4.668 |    -6.303 |     7.843 |   -0.233 |    0.315 |
    |  499 | 224 | 156 | 368 |  1.800 |    -0.757 |     1.952 |   -0.090 |    0.038 |
    |  500 | 182 | 184 | 203 |  5.603 |     5.947 |     8.171 |   -0.280 |   -0.297 |
    |  501 | 354 | 283 | 356 |  0.433 |    -0.660 |     0.790 |   -0.022 |    0.033 |
    |  502 | 203 | 184 | 204 |  4.587 |     6.082 |     7.618 |   -0.229 |   -0.304 |
    |  503 | 338 | 217 | 357 |  1.091 |     1.705 |     2.025 |   -0.055 |   -0.085 |
    |  504 | 121 | 324 | 374 |  3.915 |     1.285 |     4.121 |   -0.196 |   -0.064 |
    |  505 | 315 | 124 | 328 |  0.004 |     0.018 |     0.018 |   -0.000 |   -0.001 |
    |  506 | 124 | 299 | 329 |  0.006 |     0.023 |     0.023 |   -0.000 |   -0.001 |
    |  507 | 328 | 124 | 329 |  0.009 |     0.021 |     0.022 |   -0.000 |   -0.001 |
    |  508 | 329 | 299 | 330 |  0.012 |     0.027 |     0.030 |   -0.001 |   -0.001 |
    |  509 | 299 | 126 | 330 |  0.008 |     0.030 |     0.031 |   -0.000 |   -0.001 |
    |  510 | 123 | 309 | 331 |  0.004 |    -0.018 |     0.018 |   -0.000 |    0.001 |
    |  511 | 305 | 123 | 332 |  0.006 |    -0.023 |     0.023 |   -0.000 |    0.001 |
    |  512 | 123 | 331 | 332 |  0.009 |    -0.021 |     0.022 |   -0.000 |    0.001 |
    |  513 | 174 | 315 | 387 |  0.002 |     0.015 |     0.015 |   -0.000 |   -0.001 |
    |  514 | 125 | 305 | 333 |  0.008 |    -0.030 |     0.031 |   -0.000 |    0.001 |
    |  515 | 309 | 173 | 388 |  0.002 |    -0.015 |     0.015 |   -0.000 |    0.001 |
    |  516 | 305 | 332 | 333 |  0.012 |    -0.027 |     0.030 |   -0.001 |    0.001 |
    |  517 | 330 | 126 | 334 |  0.018 |     0.036 |     0.040 |   -0.001 |   -0.002 |
    |  518 | 126 | 308 | 334 |  0.011 |     0.040 |     0.042 |   -0.001 |   -0.002 |
    |  519 | 312 | 125 | 335 |  0.011 |    -0.040 |     0.042 |   -0.001 |    0.002 |
    |  520 | 125 | 333 | 335 |  0.018 |    -0.036 |     0.040 |   -0.001 |    0.002 |
    |  521 | 334 | 308 | 336 |  0.024 |     0.048 |     0.054 |   -0.001 |   -0.002 |
    |  522 | 308 | 128 | 336 |  0.016 |     0.054 |     0.056 |   -0.001 |   -0.003 |
    |  523 | 312 | 335 | 337 |  0.024 |    -0.048 |     0.054 |   -0.001 |    0.002 |
    |  524 | 127 | 312 | 337 |  0.016 |    -0.054 |     0.056 |   -0.001 |    0.003 |
    |  525 | 190 | 177 | 317 |  4.717 |    -6.287 |     7.860 |   -0.236 |    0.314 |
    |  526 | 127 | 337 | 339 |  0.034 |    -0.066 |     0.074 |   -0.002 |    0.003 |
    |  527 | 336 | 128 | 340 |  0.033 |     0.066 |     0.074 |   -0.002 |   -0.003 |
    |  528 | 311 | 127 | 339 |  0.021 |    -0.074 |     0.077 |   -0.001 |    0.004 |
    |  529 | 128 | 300 | 340 |  0.021 |     0.074 |     0.077 |   -0.001 |   -0.004 |
    |  530 | 311 | 339 | 341 |  0.046 |    -0.089 |     0.101 |   -0.002 |    0.004 |
    |  531 | 130 | 311 | 341 |  0.029 |    -0.100 |     0.104 |   -0.001 |    0.005 |
    |  532 | 300 | 129 | 342 |  0.029 |     0.100 |     0.104 |   -0.001 |   -0.005 |
    |  533 | 320 | 164 | 325 |  0.003 |    -0.011 |     0.011 |   -0.000 |    0.001 |
    |  534 | 278 | 283 | 354 |  0.511 |    -0.613 |     0.798 |   -0.026 |    0.031 |
    |  535 | 340 | 300 | 342 |  0.046 |     0.089 |     0.101 |   -0.002 |   -0.004 |
    |  536 | 130 | 341 | 343 |  0.063 |    -0.122 |     0.137 |   -0.003 |    0.006 |
    |  537 | 314 | 130 | 343 |  0.040 |    -0.137 |     0.143 |   -0.002 |    0.007 |
    |  538 | 129 | 302 | 344 |  0.040 |     0.137 |     0.143 |   -0.002 |   -0.007 |
    |  539 | 342 | 129 | 344 |  0.063 |     0.122 |     0.137 |   -0.003 |   -0.006 |
    |  540 | 163 | 321 | 326 |  0.003 |     0.011 |     0.011 |   -0.000 |   -0.001 |
    |  541 | 314 | 343 | 345 |  0.086 |    -0.166 |     0.188 |   -0.004 |    0.008 |
    |  542 | 131 | 314 | 345 |  0.055 |    -0.187 |     0.195 |   -0.003 |    0.009 |
    |  543 | 344 | 302 | 346 |  0.086 |     0.166 |     0.188 |   -0.004 |   -0.008 |
    |  544 | 302 | 132 | 346 |  0.055 |     0.187 |     0.195 |   -0.003 |   -0.009 |
    |  545 |   4 |  86 | 371 |  0.575 |    11.810 |    11.824 |   -0.029 |   -0.591 |
    |  546 | 204 | 207 | 365 |  2.800 |     5.078 |     5.799 |   -0.140 |   -0.254 |
    |  547 | 168 | 169 | 170 | 15.062 |    -7.202 |    16.695 |   -0.753 |    0.360 |
    |  548 | 131 | 345 | 349 |  0.118 |    -0.227 |     0.256 |   -0.006 |    0.011 |
    |  549 | 346 | 132 | 348 |  0.118 |     0.227 |     0.256 |   -0.006 |   -0.011 |
    |  550 | 182 | 181 | 183 |  8.140 |     6.865 |    10.648 |   -0.407 |   -0.343 |
    |  551 | 132 | 304 | 348 |  0.075 |     0.256 |     0.266 |   -0.004 |   -0.013 |
    |  552 | 310 | 131 | 349 |  0.075 |    -0.256 |     0.267 |   -0.004 |    0.013 |
    |  553 | 205 | 184 | 318 |  6.217 |     4.769 |     7.835 |   -0.311 |   -0.238 |
    |  554 | 348 | 304 | 350 |  0.161 |     0.311 |     0.350 |   -0.008 |   -0.016 |
    |  555 | 304 | 133 | 350 |  0.103 |     0.349 |     0.364 |   -0.005 |   -0.017 |
    |  556 | 134 | 310 | 351 |  0.103 |    -0.349 |     0.364 |   -0.005 |    0.017 |
    |  557 | 310 | 349 | 351 |  0.161 |    -0.311 |     0.350 |   -0.008 |    0.016 |
    |  558 | 350 | 133 | 353 |  0.222 |     0.427 |     0.481 |   -0.011 |   -0.021 |
    |  559 | 303 | 134 | 352 |  0.138 |    -0.483 |     0.502 |   -0.007 |    0.024 |
    |  560 | 134 | 351 | 352 |  0.222 |    -0.427 |     0.481 |   -0.011 |    0.021 |
    |  561 | 133 | 313 | 353 |  0.138 |     0.483 |     0.502 |   -0.007 |   -0.024 |
    |  562 | 363 | 224 | 368 |  1.393 |    -0.522 |     1.488 |   -0.070 |    0.026 |
    |  563 | 307 | 306 | 356 |  0.591 |    -1.092 |     1.241 |   -0.030 |    0.055 |
    |  564 | 182 | 183 | 184 |  6.480 |     7.142 |     9.644 |   -0.324 |   -0.357 |
    |  565 | 199 | 195 | 395 |  1.636 |    -2.992 |     3.410 |   -0.082 |    0.150 |
    |  566 | 217 | 218 | 357 |  1.303 |     1.581 |     2.048 |   -0.065 |   -0.079 |
    |  567 | 368 | 156 | 372 |  1.889 |    -0.693 |     2.012 |   -0.094 |    0.035 |
    |  568 |  35 | 160 | 390 |  7.880 |     0.899 |     7.931 |   -0.394 |   -0.045 |
    |  569 | 357 | 218 | 358 |  0.809 |     1.257 |     1.495 |   -0.040 |   -0.063 |
    |  570 | 119 |  84 | 389 |  1.878 |     8.309 |     8.519 |   -0.094 |   -0.415 |
    |  571 | 218 | 221 | 358 |  0.956 |     1.160 |     1.503 |   -0.048 |   -0.058 |
    |  572 | 221 | 235 | 359 |  0.699 |     0.844 |     1.096 |   -0.035 |   -0.042 |
    |  573 | 176 | 171 | 178 |  5.682 |   -10.396 |    11.847 |   -0.284 |    0.520 |
    |  574 | 358 | 221 | 359 |  0.594 |     0.914 |     1.090 |   -0.030 |   -0.046 |
    |  575 | 183 | 187 | 318 |  8.342 |     5.278 |     9.871 |   -0.417 |   -0.264 |
    |  576 | 156 | 219 | 372 |  2.448 |    -1.021 |     2.652 |   -0.122 |    0.051 |
    |  577 | 391 | 209 | 392 |  5.116 |    -1.464 |     5.321 |   -0.256 |    0.073 |
    |  578 | 281 | 158 | 363 |  1.023 |    -0.398 |     1.098 |   -0.051 |    0.020 |
    |  579 | 184 | 183 | 318 |  7.469 |     4.454 |     8.696 |   -0.373 |   -0.223 |
    |  580 | 219 | 122 | 383 |  3.380 |    -1.398 |     3.658 |   -0.169 |    0.070 |
    |  581 | 292 | 270 | 393 |  0.006 |    -0.009 |     0.011 |   -0.000 |    0.000 |
    |  582 | 193 | 190 | 366 |  3.439 |    -4.837 |     5.935 |   -0.172 |    0.242 |
    |  583 | 288 | 289 | 394 |  0.006 |     0.009 |     0.011 |   -0.000 |   -0.000 |
    |  584 | 192 | 194 | 391 |  3.805 |    -2.223 |     4.407 |   -0.190 |    0.111 |
    |  585 | 180 | 181 | 182 |  6.758 |    10.519 |    12.503 |   -0.338 |   -0.526 |
    |  586 | 164 | 319 | 393 |  0.004 |    -0.008 |     0.009 |   -0.000 |    0.000 |
    |  587 | 172 | 176 | 177 |  6.553 |    -7.867 |    10.239 |   -0.328 |    0.393 |
    |  588 | 322 | 163 | 394 |  0.004 |     0.008 |     0.009 |   -0.000 |   -0.000 |
    |  589 | 215 | 217 | 364 |  1.802 |     1.478 |     2.331 |   -0.090 |   -0.074 |
    |  590 | 181 | 159 | 367 |  9.942 |    14.202 |    17.335 |   -0.497 |   -0.710 |
    |  591 | 160 | 318 | 390 |  7.978 |     3.164 |     8.583 |   -0.399 |   -0.158 |
    |  592 | 323 | 165 | 370 | 12.267 |     2.005 |    12.430 |   -0.613 |   -0.100 |
    |  593 | 372 | 219 | 383 |  2.662 |    -0.868 |     2.800 |   -0.133 |    0.043 |
    |  594 | 140 | 327 | 338 |  1.470 |     2.786 |     3.150 |   -0.074 |   -0.139 |
    |  595 |  86 | 179 | 371 |  0.480 |    12.055 |    12.064 |   -0.024 |   -0.603 |
    |  596 | 172 | 171 | 176 |  6.115 |    -8.028 |    10.091 |   -0.306 |    0.401 |
    |  597 | 169 | 171 | 172 |  9.098 |   -10.370 |    13.796 |   -0.455 |    0.519 |
    |  598 |  91 |  92 | 369 |  0.000 |    -9.357 |     9.357 |   -0.000 |    0.468 |
    |  599 | 270 | 325 | 393 |  0.006 |    -0.011 |     0.013 |   -0.000 |    0.001 |
    |  600 | 326 | 288 | 394 |  0.006 |     0.011 |     0.013 |   -0.000 |   -0.001 |
    |  601 | 210 | 121 | 374 |  4.729 |     1.935 |     5.110 |   -0.236 |   -0.097 |
    |  602 | 200 | 202 | 368 |  1.419 |    -0.965 |     1.716 |   -0.071 |    0.048 |
    |  603 | 165 | 323 | 380 | 14.065 |     2.052 |    14.214 |   -0.703 |   -0.103 |
    |  604 | 202 | 363 | 368 |  1.374 |    -0.991 |     1.694 |   -0.069 |    0.050 |
    |  605 | 380 | 197 | 386 | 12.881 |    -0.044 |    12.881 |   -0.644 |    0.002 |
    |  606 | 122 | 209 | 391 |  4.652 |    -1.853 |     5.008 |   -0.233 |    0.093 |
    |  607 | 347 | 281 | 363 |  1.004 |    -0.757 |     1.258 |   -0.050 |    0.038 |
    |  608 | 380 | 175 | 385 | 15.095 |     0.153 |    15.096 |   -0.755 |   -0.008 |
    |  609 | 200 | 368 | 372 |  1.858 |    -1.315 |     2.277 |   -0.093 |    0.066 |
    |  610 | 217 | 338 | 364 |  1.793 |     2.101 |     2.762 |   -0.090 |   -0.105 |
    |  611 | 317 | 176 | 377 |  4.238 |    -8.268 |     9.291 |   -0.212 |    0.413 |
    |  612 | 185 | 180 | 382 |  3.659 |    10.734 |    11.340 |   -0.183 |   -0.537 |
    |  613 | 115 | 320 | 379 |  0.000 |    -0.013 |     0.013 |   -0.000 |    0.001 |
    |  614 | 321 |  61 | 378 |  0.000 |     0.013 |     0.013 |   -0.000 |   -0.001 |
    |  615 | 203 | 204 | 365 |  3.855 |     5.049 |     6.352 |   -0.193 |   -0.252 |
    |  616 | 171 | 161 | 360 |  7.507 |   -14.012 |    15.896 |   -0.375 |    0.701 |
    |  617 |  58 | 322 | 375 |  0.001 |     0.004 |     0.005 |   -0.000 |   -0.000 |
    |  618 | 202 | 347 | 363 |  1.008 |    -0.755 |     1.260 |   -0.050 |    0.038 |
    |  619 | 319 | 118 | 376 |  0.001 |    -0.004 |     0.005 |   -0.000 |    0.000 |
    |  620 | 196 | 200 | 372 |  1.949 |    -1.258 |     2.320 |   -0.097 |    0.063 |
    |  621 | 198 | 381 | 395 |  1.664 |    -3.790 |     4.139 |   -0.083 |    0.189 |
    |  622 | 180 | 182 | 382 |  5.146 |     8.295 |     9.762 |   -0.257 |   -0.415 |
    |  623 | 290 |  57 | 375 |  0.004 |     0.001 |     0.004 |   -0.000 |   -0.000 |
    |  624 |   9 | 291 | 376 |  0.004 |    -0.001 |     0.004 |   -0.000 |    0.000 |
    |  625 |  94 |  95 | 381 | -0.000 |    -3.880 |     3.880 |   -0.000 |    0.194 |
    |  626 |  62 | 174 | 378 |  0.001 |     0.014 |     0.014 |   -0.000 |   -0.001 |
    |  627 | 173 | 114 | 379 |  0.001 |    -0.014 |     0.014 |   -0.000 |    0.001 |
    |  628 | 120 | 317 | 377 |  3.021 |    -6.739 |     7.385 |   -0.151 |    0.337 |
    |  629 | 196 | 372 | 383 |  2.583 |    -1.780 |     3.137 |   -0.129 |    0.089 |
    |  630 | 167 | 175 | 323 | 17.594 |     5.549 |    18.448 |   -0.880 |   -0.277 |
    |  631 | 190 | 317 | 366 |  3.287 |    -4.888 |     5.891 |   -0.164 |    0.244 |
    |  632 | 194 | 196 | 383 |  2.742 |    -1.669 |     3.210 |   -0.137 |    0.083 |
    |  633 | 178 | 361 | 369 |  1.526 |   -10.170 |    10.284 |   -0.076 |    0.508 |
    |  634 | 320 | 173 | 379 |  0.002 |    -0.013 |     0.013 |   -0.000 |    0.001 |
    |  635 | 174 | 321 | 378 |  0.002 |     0.013 |     0.013 |   -0.000 |   -0.001 |
    |  636 | 325 | 270 | 388 |  0.005 |    -0.014 |     0.015 |   -0.000 |    0.001 |
    |  637 | 288 | 326 | 387 |  0.005 |     0.014 |     0.015 |   -0.000 |   -0.001 |
    |  638 | 291 | 319 | 376 |  0.005 |    -0.005 |     0.007 |   -0.000 |    0.000 |
    |  639 | 167 | 166 | 175 | 23.646 |    -0.856 |    23.661 |   -1.182 |    0.043 |
    |  640 | 322 | 290 | 375 |  0.005 |     0.005 |     0.007 |   -0.000 |   -0.000 |
    |  641 | 178 | 360 | 361 |  3.426 |   -11.913 |    12.396 |   -0.171 |    0.596 |
    |  642 | 187 | 186 | 370 | 10.450 |     4.829 |    11.512 |   -0.522 |   -0.241 |
    |  643 | 165 | 362 | 370 | 11.640 |     2.589 |    11.924 |   -0.582 |   -0.129 |
    |  644 | 178 | 171 | 360 |  3.698 |   -11.004 |    11.609 |   -0.185 |    0.550 |
    |  645 | 328 | 288 | 387 |  0.006 |     0.014 |     0.015 |   -0.000 |   -0.001 |
    |  646 | 270 | 331 | 388 |  0.006 |    -0.014 |     0.015 |   -0.000 |    0.001 |
    |  647 | 182 | 203 | 382 |  4.458 |     8.365 |     9.478 |   -0.223 |   -0.418 |
    |  648 | 178 | 369 | 377 |  3.365 |    -9.479 |    10.058 |   -0.168 |    0.474 |
    |  649 | 361 |  91 | 369 |  1.454 |   -10.653 |    10.751 |   -0.073 |    0.533 |
    |  650 | 195 | 198 | 395 |  1.680 |    -2.980 |     3.421 |   -0.084 |    0.149 |
    |  651 | 362 | 187 | 370 | 10.981 |     2.331 |    11.225 |   -0.549 |   -0.117 |
    |  652 | 176 | 178 | 377 |  3.425 |    -8.478 |     9.144 |   -0.171 |    0.424 |
    |  653 | 325 | 164 | 393 |  0.003 |    -0.011 |     0.011 |   -0.000 |    0.001 |
    |  654 | 163 | 326 | 394 |  0.003 |     0.011 |     0.011 |   -0.000 |   -0.001 |
    |  655 | 186 | 323 | 370 | 14.080 |     4.789 |    14.872 |   -0.704 |   -0.239 |
    |  656 | 315 | 328 | 387 |  0.006 |     0.017 |     0.018 |   -0.000 |   -0.001 |
    |  657 | 331 | 309 | 388 |  0.006 |    -0.017 |     0.018 |   -0.000 |    0.001 |
    |  658 | 323 | 175 | 380 | 15.501 |     0.172 |    15.502 |   -0.775 |   -0.009 |
    |  659 | 384 | 191 | 396 |  9.857 |    -1.916 |    10.041 |   -0.493 |    0.096 |
    |  660 | 187 | 362 | 390 |  9.397 |     3.021 |     9.871 |   -0.470 |   -0.151 |
    |  661 |   5 | 166 | 167 | 32.398 |    20.862 |    38.534 |   -1.620 |   -1.043 |
    |  662 | 197 | 384 | 396 | 12.085 |    -2.386 |    12.318 |   -0.604 |    0.119 |
    |  663 |   5 |  88 | 166 | 65.452 |    -1.690 |    65.474 |   -3.273 |    0.085 |
    |  664 | 170 | 373 | 384 | 11.091 |    -4.103 |    11.826 |   -0.555 |    0.205 |
    |  665 | 373 | 191 | 384 | 10.792 |    -4.323 |    11.625 |   -0.540 |    0.216 |
    |  666 | 170 | 384 | 385 | 13.865 |    -4.888 |    14.702 |   -0.693 |    0.244 |
    |  667 | 166 |   6 | 168 | 23.425 |   -23.083 |    32.887 |   -1.171 |    1.154 |
    |  668 | 384 | 197 | 385 | 12.579 |    -1.793 |    12.706 |   -0.629 |    0.090 |
    |  669 | 165 | 380 | 386 | 12.436 |     0.118 |    12.437 |   -0.622 |   -0.006 |
    |  670 |  88 |   6 | 166 | 67.517 |    -1.899 |    67.544 |   -3.376 |    0.095 |
    |  671 |  87 |   5 | 159 |  8.077 |    24.183 |    25.496 |   -0.404 |   -1.209 |
    |  672 |   6 |  89 | 161 |  9.939 |   -24.502 |    26.441 |   -0.497 |    1.225 |
    +------+-----+-----+-----+--------+-----------+-----------+----------+----------+
