
-------------------------------------------------------------
-------------- Model input ----------------------------------
-------------------------------------------------------------

Model parameters:

+-------------+---------+
| Parameter   |   Value |
|-------------+---------|
| w [m]       |     0.1 |
| h [m]       |     0.1 |
| a [m]       |    0.01 |
| b [m]       |    0.01 |
| x [m]       |    0.01 |
| y [m]       |    0.01 |
| t [m]       |       1 |
| kx [W/mC]   |     1.7 |
| ky [W/mC]   |     1.7 |
+-------------+---------+

Model boundary conditions:

+----------+---------------+
|   Marker |   Temperature |
|----------+---------------|
|       10 |            20 |
|       20 |            20 |
|       30 |            20 |
|       40 |            20 |
|      110 |           120 |
|      120 |           120 |
|      130 |           120 |
|      140 |           120 |
+----------+---------------+

-------------------------------------------------------------
-------------- Results --------------------------------------
-------------------------------------------------------------

Model info:

+---------------------+-----+
| Max element size:   | 0.2 |
| Dofs per node:      |   1 |
| Element type:       |   2 |
| Number of dofs:     |  52 |
| Number of elements: |  80 |
| Number of nodes:    |  52 |
+---------------------+-----+

Summary of results:

+--------------------------+-----------+--------+
| Max Temperature:         |   120.000 | [C]    |
| Min Temperature:         |    20.000 | [C]    |
| Max boundary heat power: |   197.708 | [W/m]  |
| Min boundary heat power: |  -279.233 | [W/m]  |
| Sum boundary heat power: |     0.000 | [W/m]  |
| Max resulting heat flux: | 24203.405 | [W/m2] |
| Min resulting heat flux: |   140.846 | [W/m2] |
+--------------------------+-----------+--------+

Results per node:

+-----+-------+-----------+------------+-------+--------------+
|   N |   dof |   x_coord |    y_coord |     T |   Heat power |
|     |       |       [m] |        [m] |   [C] |        [W/m] |
|-----+-------+-----------+------------+-------+--------------|
|   1 |     1 |         0 |          0 |    20 |        -1.88 |
|   2 |     2 |       0.1 |          0 |    20 |       -0.943 |
|   3 |     3 |       0.1 |        0.1 |    20 |        -2.25 |
|   4 |     4 |         0 |        0.1 |    20 |         -236 |
|   5 |     5 |      0.01 |       0.08 |   120 |          168 |
|   6 |     6 |      0.02 |       0.08 |   120 |          116 |
|   7 |     7 |      0.02 |       0.09 |   120 |          198 |
|   8 |     8 |      0.01 |       0.09 |   120 |          189 |
|   9 |     9 |     0.025 |          0 |    20 |        -7.71 |
|  10 |    10 |      0.05 |          0 |    20 |        -8.62 |
|  11 |    11 |     0.075 |          0 |    20 |        -4.87 |
|  12 |    12 |       0.1 |      0.025 |    20 |        -4.79 |
|  13 |    13 |       0.1 |       0.05 |    20 |         -8.7 |
|  14 |    14 |       0.1 |      0.075 |    20 |        -7.45 |
|  15 |    15 |     0.075 |        0.1 |    20 |        -11.3 |
|  16 |    16 |      0.05 |        0.1 |    20 |        -58.3 |
|  17 |    17 |     0.025 |        0.1 |    20 |         -279 |
|  18 |    18 |         0 |      0.075 |    20 |         -272 |
|  19 |    19 |         0 |       0.05 |    20 |        -57.2 |
|  20 |    20 |         0 |      0.025 |    20 |        -11.5 |
|  21 |    21 |     0.015 |       0.08 |   120 |         56.2 |
|  22 |    22 |      0.02 |      0.085 |   120 |         53.8 |
|  23 |    23 |     0.015 |       0.09 |   120 |         92.7 |
|  24 |    24 |      0.01 |      0.085 |   120 |         99.8 |
|  25 |    25 |   0.01228 |     0.0949 |  64.6 |            0 |
|  26 |    26 |  0.005309 |    0.08793 |  65.3 |     1.14e-13 |
|  27 |    27 |   0.07834 |    0.03893 |  23.9 |    -1.42e-14 |
|  28 |    28 |   0.03991 |    0.02277 |  25.4 |    -1.07e-14 |
|  29 |    29 |   0.06233 |    0.08048 |    29 |    -4.26e-14 |
|  30 |    30 |   0.01223 |    0.06292 |  47.3 |            0 |
|  31 |    31 |   0.03764 |    0.08666 |    49 |            0 |
|  32 |    32 |   0.04407 |    0.06672 |  43.5 |            0 |
|  33 |    33 |   0.01354 |    0.07452 |  83.8 |    -4.26e-14 |
|  34 |    34 |   0.02608 |    0.08844 |  78.6 |            0 |
|  35 |    35 |   0.06241 |    0.05603 |  30.2 |     4.26e-14 |
|  36 |    36 |   0.04365 |    0.04548 |  33.4 |            0 |
|  37 |    37 |    0.0327 |    0.07314 |    60 |    -5.68e-14 |
|  38 |    38 |   0.02769 |    0.06123 |  49.9 |            0 |
|  39 |    39 |   0.02023 |    0.04079 |  30.6 |    -5.68e-14 |
|  40 |    40 |   0.06432 |    0.01976 |  23.2 |    -7.11e-15 |
|  41 |    41 |   0.02706 |    0.08098 |    81 |    -5.68e-14 |
|  42 |    42 |   0.02449 |    0.07352 |  75.9 |     1.71e-13 |
|  43 |    43 |   0.08141 |     0.0643 |  24.3 |    -1.42e-14 |
|  44 |    44 |   0.01807 |    0.09373 |  80.8 |            0 |
|  45 |    45 |  0.006372 |    0.08061 |  76.9 |            0 |
|  46 |    46 |   0.01814 |    0.01814 |  22.9 |     2.84e-14 |
|  47 |    47 |    0.0817 |     0.0183 |  21.5 |            0 |
|  48 |    48 |  0.006897 |    0.09321 |  64.1 |    -8.53e-14 |
|  49 |    49 |  0.007892 |    0.07476 |    64 |     8.53e-14 |
|  50 |    50 |     0.061 |    0.03853 |  27.4 |    -2.84e-14 |
|  51 |    51 |   0.01804 |    0.06944 |  67.5 |    -5.68e-14 |
|  52 |    52 |   0.08536 |    0.08536 |  21.9 |     4.26e-14 |
+-----+-------+-----------+------------+-------+--------------+

Results per element:

+------+-----+-----+-----+----------+----------+----------+---------+---------+
|   El |   N |   N |   N |       qx |       qy |    q_res |   dT/dx |   dT/dy |
|   Nb |   1 |   2 |   3 |   [W/m2] |   [W/m2] |   [W/m2] |   [C/m] |   [C/m] |
|------+-----+-----+-----+----------+----------+----------+---------+---------|
|    1 |  38 |  30 |  39 |   -4e+02 |   -1e+03 |    2e+03 |   3e+02 |   8e+02 |
|    2 |   6 |  33 |  51 |   -3e+03 |   -8e+03 |    8e+03 |   2e+03 |   5e+03 |
|    3 |  29 |  31 |  32 |    1e+03 |   -3e+01 |    1e+03 |  -8e+02 |   2e+01 |
|    4 |  22 |   6 |  41 |    9e+03 |        0 |    9e+03 |  -6e+03 |       0 |
|    5 |  32 |  31 |  37 |    3e+03 |    4e+02 |    3e+03 |  -2e+03 |  -2e+02 |
|    6 |  27 |  13 |  43 |    3e+02 |   -7e+01 |    3e+02 |  -2e+02 |   4e+01 |
|    7 |   7 |  17 |  44 |   -9e+02 |    2e+04 |    2e+04 |   5e+02 |  -1e+04 |
|    8 |  35 |  27 |  43 |    6e+02 |   -9e+01 |    6e+02 |  -3e+02 |   6e+01 |
|    9 |  30 |  33 |  49 |   -6e+03 |   -5e+03 |    8e+03 |   4e+03 |   3e+03 |
|   10 |  29 |  16 |  31 |    2e+03 |    2e+03 |    3e+03 |  -1e+03 |  -1e+03 |
|   11 |  30 |  19 |  39 |   -2e+03 |   -2e+03 |    3e+03 |   1e+03 |   1e+03 |
|   12 |  36 |  38 |  39 |    1e+02 |   -2e+03 |    2e+03 |  -8e+01 |   1e+03 |
|   13 |  36 |  28 |  50 |    3e+02 |   -7e+02 |    7e+02 |  -2e+02 |   4e+02 |
|   14 |  28 |  36 |  39 |   -8e+01 |   -6e+02 |    6e+02 |   5e+01 |   3e+02 |
|   15 |  31 |  34 |  41 |    5e+03 |    1e+03 |    5e+03 |  -3e+03 |  -7e+02 |
|   16 |  28 |  40 |  50 |    1e+02 |   -4e+02 |    4e+02 |  -6e+01 |   2e+02 |
|   17 |  38 |  42 |  51 |    6e+01 |   -4e+03 |    4e+03 |  -4e+01 |   2e+03 |
|   18 |  34 |  22 |  41 |    1e+04 |    2e+03 |    1e+04 |  -6e+03 |  -1e+03 |
|   19 |  12 |  13 |  27 |    3e+02 |        0 |    3e+02 |  -2e+02 |       0 |
|   20 |  38 |  37 |  42 |    3e+03 |   -3e+03 |    4e+03 |  -2e+03 |   2e+03 |
|   21 |  42 |   6 |  51 |    4e+03 |   -9e+03 |    1e+04 |  -2e+03 |   5e+03 |
|   22 |  33 |  30 |  51 |    8e+01 |   -5e+03 |    5e+03 |  -5e+01 |   3e+03 |
|   23 |  15 |  16 |  29 |   -5e-13 |    8e+02 |    8e+02 |   3e-13 |  -5e+02 |
|   24 |   9 |  10 |  28 |        0 |   -4e+02 |    4e+02 |       0 |   2e+02 |
|   25 |  10 |  11 |  40 |        0 |   -3e+02 |    3e+02 |       0 |   2e+02 |
|   26 |  35 |  32 |  36 |    7e+02 |   -8e+02 |    1e+03 |  -4e+02 |   5e+02 |
|   27 |  13 |  14 |  43 |    4e+02 |        0 |    4e+02 |  -2e+02 |       0 |
|   28 |  30 |  38 |  51 |   -8e+02 |   -5e+03 |    5e+03 |   5e+02 |   3e+03 |
|   29 |  28 |  10 |  40 |    1e+02 |   -4e+02 |    4e+02 |  -6e+01 |   2e+02 |
|   30 |  19 |  20 |  39 |   -9e+02 |        0 |    9e+02 |   5e+02 |       0 |
|   31 |  29 |  32 |  35 |    1e+03 |    9e+01 |    1e+03 |  -8e+02 |  -6e+01 |
|   32 |  11 |   2 |  47 |        0 |   -1e+02 |    1e+02 |       0 |   8e+01 |
|   33 |   2 |  12 |  47 |    1e+02 |        0 |    1e+02 |  -8e+01 |       0 |
|   34 |  20 |   1 |  46 |   -3e+02 |        0 |    3e+02 |   2e+02 |       0 |
|   35 |   1 |   9 |  46 |        0 |   -3e+02 |    3e+02 |       0 |   2e+02 |
|   36 |  36 |  32 |  38 |    9e+02 |   -8e+02 |    1e+03 |  -6e+02 |   5e+02 |
|   37 |  15 |  29 |  52 |    4e+02 |    5e+02 |    7e+02 |  -2e+02 |  -3e+02 |
|   38 |  37 |  31 |  41 |    5e+03 |   -6e+02 |    6e+03 |  -3e+03 |   4e+02 |
|   39 |  12 |  27 |  47 |    2e+02 |   -2e+02 |    3e+02 |  -1e+02 |   1e+02 |
|   40 |  40 |  11 |  47 |    2e+02 |   -2e+02 |    2e+02 |  -9e+01 |   1e+02 |
|   41 |  28 |  39 |  46 |   -7e+01 |   -6e+02 |    6e+02 |   4e+01 |   3e+02 |
|   42 |  27 |  40 |  47 |    2e+02 |   -2e+02 |    2e+02 |  -9e+01 |   1e+02 |
|   43 |  29 |  35 |  43 |    5e+02 |    9e+01 |    5e+02 |  -3e+02 |  -5e+01 |
|   44 |   9 |  28 |  46 |   -1e+02 |   -3e+02 |    3e+02 |   7e+01 |   2e+02 |
|   45 |  14 |   3 |  52 |    2e+02 |        0 |    2e+02 |  -1e+02 |       0 |
|   46 |   3 |  15 |  52 |        0 |    2e+02 |    2e+02 |       0 |  -1e+02 |
|   47 |  32 |  37 |  38 |    1e+03 |   -2e+03 |    2e+03 |  -8e+02 |   1e+03 |
|   48 |  40 |  27 |  50 |    3e+02 |   -3e+02 |    5e+02 |  -2e+02 |   2e+02 |
|   49 |  41 |   6 |  42 |    1e+04 |   -5e+03 |    1e+04 |  -6e+03 |   3e+03 |
|   50 |  39 |  20 |  46 |   -5e+02 |   -5e+02 |    7e+02 |   3e+02 |   3e+02 |
|   51 |  29 |  43 |  52 |    5e+02 |    1e+02 |    5e+02 |  -3e+02 |  -6e+01 |
|   52 |  27 |  35 |  50 |    3e+02 |   -3e+02 |    5e+02 |  -2e+02 |   2e+02 |
|   53 |  26 |   8 |  48 |   -2e+04 |    7e+03 |    2e+04 |   1e+04 |  -4e+03 |
|   54 |  21 |   5 |  33 |        0 |   -1e+04 |    1e+04 |       0 |   7e+03 |
|   55 |   7 |  22 |  34 |    1e+04 |        0 |    1e+04 |  -7e+03 |       0 |
|   56 |  35 |  36 |  50 |    5e+02 |   -3e+02 |    6e+02 |  -3e+02 |   2e+02 |
|   57 |   5 |  45 |  49 |   -2e+04 |   -9e+03 |    2e+04 |   1e+04 |   6e+03 |
|   58 |  23 |   7 |  44 |        0 |    2e+04 |    2e+04 |       0 |  -1e+04 |
|   59 |   5 |  24 |  45 |   -2e+04 |        0 |    2e+04 |   1e+04 |       0 |
|   60 |   8 |  23 |  25 |        0 |    2e+04 |    2e+04 |       0 |  -1e+04 |
|   61 |  24 |   8 |  26 |   -2e+04 |        0 |    2e+04 |   1e+04 |       0 |
|   62 |  45 |  18 |  49 |   -1e+04 |   -6e+03 |    1e+04 |   6e+03 |   4e+03 |
|   63 |   8 |  25 |  48 |   -7e+03 |    2e+04 |    2e+04 |   4e+03 |  -1e+04 |
|   64 |  43 |  14 |  52 |    3e+02 |    1e+02 |    3e+02 |  -2e+02 |  -8e+01 |
|   65 |  33 |   5 |  49 |   -7e+03 |   -2e+04 |    2e+04 |   4e+03 |   9e+03 |
|   66 |  25 |  23 |  44 |   -1e+03 |    2e+04 |    2e+04 |   6e+02 |  -1e+04 |
|   67 |  37 |  41 |  42 |    3e+03 |   -2e+03 |    4e+03 |  -2e+03 |   1e+03 |
|   68 |  24 |  26 |  45 |   -2e+04 |   -2e+02 |    2e+04 |   1e+04 |   1e+02 |
|   69 |  17 |   4 |  25 |        0 |    1e+04 |    1e+04 |       0 |  -9e+03 |
|   70 |   4 |  18 |  26 |   -1e+04 |        0 |    1e+04 |   9e+03 |       0 |
|   71 |  25 |   4 |  48 |   -3e+03 |    8e+03 |    9e+03 |   2e+03 |  -5e+03 |
|   72 |   4 |  26 |  48 |   -8e+03 |    3e+03 |    9e+03 |   5e+03 |  -2e+03 |
|   73 |  17 |  25 |  44 |   -1e+03 |    2e+04 |    2e+04 |   7e+02 |  -1e+04 |
|   74 |  26 |  18 |  45 |   -2e+04 |    4e+02 |    2e+04 |   9e+03 |  -3e+02 |
|   75 |   6 |  21 |  33 |   -5e-12 |   -1e+04 |    1e+04 |   2e-12 |   7e+03 |
|   76 |  17 |   7 |  34 |    1e+04 |    1e+04 |    2e+04 |  -8e+03 |  -6e+03 |
|   77 |  16 |  17 |  31 |    2e-12 |    4e+03 |    4e+03 |  -1e-12 |  -2e+03 |
|   78 |  31 |  17 |  34 |    6e+03 |    9e+03 |    1e+04 |  -3e+03 |  -5e+03 |
|   79 |  18 |  19 |  30 |   -4e+03 |        0 |    4e+03 |   2e+03 |       0 |
|   80 |  18 |  30 |  49 |   -1e+04 |   -6e+03 |    1e+04 |   6e+03 |   3e+03 |
+------+-----+-----+-----+----------+----------+----------+---------+---------+
