
    -------------------------------------------------------------
    -------------- Model input ----------------------------------
    -------------------------------------------------------------

    Model parameters:

    +-------------+---------+
    | Parameter   |   Value |
    |-------------+---------|
    | w [m]       |     0.1 |
    | h [m]       |     0.1 |
    | a [m]       |    0.01 |
    | b [m]       |    0.01 |
    | x [m]       |    0.01 |
    | y [m]       |    0.01 |
    | t [m]       |       1 |
    | kx [W/mC]   |     1.7 |
    | ky [W/mC]   |     1.7 |
    +-------------+---------+

    Model boundary conditions:

    +----------+---------------+
    |   Marker |   Temperature |
    |----------+---------------|
    |       10 |            20 |
    |       20 |            20 |
    |       30 |            20 |
    |       40 |            20 |
    |      110 |           120 |
    |      120 |           120 |
    |      130 |           120 |
    |      140 |           120 |
    +----------+---------------+

    -------------------------------------------------------------
    -------------- Results --------------------------------------
    -------------------------------------------------------------

    Model info:

    +---------------------+------+
    | Max element size:   | 0.05 |
    | Dofs per node:      |    1 |
    | Element type:       |    3 |
    | Number of dofs:     |  357 |
    | Number of elements: |  321 |
    | Number of nodes:    |  357 |
    +---------------------+------+

    Summary of results:

    +--------------------------+-----------+--------+
    | Max Temperature:         |   120.000 | [C]    |
    | Min Temperature:         |    20.000 | [C]    |
    | Max boundary heat power: |   158.823 | [W/m]  |
    | Min boundary heat power: |   -96.880 | [W/m]  |
    | Sum boundary heat power: |     0.000 | [W/m]  |
    | Max resulting heat flux: | 27267.602 | [W/m2] |
    | Min resulting heat flux: |     4.625 | [W/m2] |
    +--------------------------+-----------+--------+

    Results per node:

    +-----+-------+-----------+------------+-------+--------------+
    |   N |   dof |   x_coord |    y_coord |     T |   Heat power |
    |     |       |       [m] |        [m] |   [C] |        [W/m] |
    |-----+-------+-----------+------------+-------+--------------|
    |   1 |     1 |         0 |          0 |    20 |         -0.2 |
    |   2 |     2 |       0.1 |          0 |    20 |       -0.104 |
    |   3 |     3 |       0.1 |        0.1 |    20 |       -0.216 |
    |   4 |     4 |         0 |        0.1 |    20 |        -16.7 |
    |   5 |     5 |      0.01 |       0.08 |   120 |          125 |
    |   6 |     6 |      0.02 |       0.08 |   120 |           79 |
    |   7 |     7 |      0.02 |       0.09 |   120 |          118 |
    |   8 |     8 |      0.01 |       0.09 |   120 |          159 |
    |   9 |     9 |   0.00625 |          0 |    20 |       -0.557 |
    |  10 |    10 |    0.0125 |          0 |    20 |       -0.797 |
    |  11 |    11 |   0.01875 |          0 |    20 |        -1.51 |
    |  12 |    12 |     0.025 |          0 |    20 |         -1.4 |
    |  13 |    13 |   0.03125 |          0 |    20 |        -2.06 |
    |  14 |    14 |    0.0375 |          0 |    20 |        -1.68 |
    |  15 |    15 |   0.04375 |          0 |    20 |        -2.15 |
    |  16 |    16 |      0.05 |          0 |    20 |         -1.6 |
    |  17 |    17 |   0.05625 |          0 |    20 |        -1.86 |
    |  18 |    18 |    0.0625 |          0 |    20 |        -1.36 |
    |  19 |    19 |   0.06875 |          0 |    20 |        -1.41 |
    |  20 |    20 |     0.075 |          0 |    20 |        -0.92 |
    |  21 |    21 |   0.08125 |          0 |    20 |        -0.86 |
    |  22 |    22 |    0.0875 |          0 |    20 |       -0.441 |
    |  23 |    23 |   0.09375 |          0 |    20 |       -0.279 |
    |  24 |    24 |       0.1 |    0.00625 |    20 |        -0.28 |
    |  25 |    25 |       0.1 |     0.0125 |    20 |       -0.475 |
    |  26 |    26 |       0.1 |    0.01875 |    20 |       -0.849 |
    |  27 |    27 |       0.1 |      0.025 |    20 |       -0.967 |
    |  28 |    28 |       0.1 |    0.03125 |    20 |        -1.37 |
    |  29 |    29 |       0.1 |     0.0375 |    20 |        -1.35 |
    |  30 |    30 |       0.1 |    0.04375 |    20 |        -1.83 |
    |  31 |    31 |       0.1 |       0.05 |    20 |         -1.7 |
    |  32 |    32 |       0.1 |    0.05625 |    20 |        -2.02 |
    |  33 |    33 |       0.1 |     0.0625 |    20 |        -1.79 |
    |  34 |    34 |       0.1 |    0.06875 |    20 |         -1.9 |
    |  35 |    35 |       0.1 |      0.075 |    20 |        -1.52 |
    |  36 |    36 |       0.1 |    0.08125 |    20 |        -1.39 |
    |  37 |    37 |       0.1 |     0.0875 |    20 |       -0.877 |
    |  38 |    38 |       0.1 |    0.09375 |    20 |       -0.504 |
    |  39 |    39 |   0.09375 |        0.1 |    20 |        -0.55 |
    |  40 |    40 |    0.0875 |        0.1 |    20 |       -0.977 |
    |  41 |    41 |   0.08125 |        0.1 |    20 |        -1.83 |
    |  42 |    42 |     0.075 |        0.1 |    20 |        -2.33 |
    |  43 |    43 |   0.06875 |        0.1 |    20 |           -4 |
    |  44 |    44 |    0.0625 |        0.1 |    20 |        -4.59 |
    |  45 |    45 |   0.05625 |        0.1 |    20 |        -8.27 |
    |  46 |    46 |      0.05 |        0.1 |    20 |        -9.27 |
    |  47 |    47 |   0.04375 |        0.1 |    20 |        -16.9 |
    |  48 |    48 |    0.0375 |        0.1 |    20 |        -22.8 |
    |  49 |    49 |   0.03125 |        0.1 |    20 |        -46.1 |
    |  50 |    50 |     0.025 |        0.1 |    20 |        -59.7 |
    |  51 |    51 |   0.01875 |        0.1 |    20 |        -91.9 |
    |  52 |    52 |    0.0125 |        0.1 |    20 |        -72.1 |
    |  53 |    53 |   0.00625 |        0.1 |    20 |        -57.5 |
    |  54 |    54 |         0 |    0.09375 |    20 |        -58.1 |
    |  55 |    55 |         0 |     0.0875 |    20 |        -72.1 |
    |  56 |    56 |         0 |    0.08125 |    20 |        -96.9 |
    |  57 |    57 |         0 |      0.075 |    20 |        -56.9 |
    |  58 |    58 |         0 |    0.06875 |    20 |        -45.4 |
    |  59 |    59 |         0 |     0.0625 |    20 |        -21.5 |
    |  60 |    60 |         0 |    0.05625 |    20 |        -17.7 |
    |  61 |    61 |         0 |       0.05 |    20 |        -9.89 |
    |  62 |    62 |         0 |    0.04375 |    20 |         -8.2 |
    |  63 |    63 |         0 |     0.0375 |    20 |         -4.7 |
    |  64 |    64 |         0 |    0.03125 |    20 |        -4.06 |
    |  65 |    65 |         0 |      0.025 |    20 |        -2.29 |
    |  66 |    66 |         0 |    0.01875 |    20 |        -1.95 |
    |  67 |    67 |         0 |     0.0125 |    20 |       -0.937 |
    |  68 |    68 |         0 |    0.00625 |    20 |       -0.589 |
    |  69 |    69 |     0.015 |       0.08 |   120 |         75.8 |
    |  70 |    70 |      0.02 |      0.085 |   120 |         79.3 |
    |  71 |    71 |     0.015 |       0.09 |   120 |          110 |
    |  72 |    72 |      0.01 |      0.085 |   120 |          109 |
    |  73 |    73 |   0.05453 |   0.006886 |    21 |            0 |
    |  74 |    74 |   0.09492 |    0.05023 |    21 |            0 |
    |  75 |    75 |  0.005724 |    0.04952 |  25.9 |     1.42e-14 |
    |  76 |    76 |   0.05431 |    0.09325 |  24.4 |     7.11e-15 |
    |  77 |    77 |   0.03548 |   0.005464 |  21.1 |     1.78e-15 |
    |  78 |    78 |   0.09471 |    0.03643 |  20.8 |    -7.11e-15 |
    |  79 |    79 |    0.0945 |    0.06878 |  20.9 |     2.13e-14 |
    |  80 |    80 |  0.005631 |    0.03063 |  21.6 |    -7.11e-15 |
    |  81 |    81 |   0.07429 |   0.005759 |  20.6 |            0 |
    |  82 |    82 |   0.07126 |    0.09426 |  21.5 |    -7.11e-15 |
    |  83 |    83 |   0.02445 |    0.08402 |  97.1 |    -2.84e-14 |
    |  84 |    84 |   0.02435 |    0.07837 |    79 |            0 |
    |  85 |    85 |   0.02906 |    0.08364 |  64.6 |     2.84e-14 |
    |  86 |    86 |   0.02918 |    0.07783 |  71.3 |    -2.13e-14 |
    |  87 |    87 |    0.0339 |    0.07838 |  52.6 |    -2.13e-14 |
    |  88 |    88 |   0.03495 |    0.07354 |  55.6 |     4.97e-14 |
    |  89 |    89 |   0.03812 |    0.07526 |  45.5 |     1.42e-14 |
    |  90 |    90 |   0.03654 |    0.06923 |  45.6 |    -1.42e-14 |
    |  91 |    91 |   0.04151 |    0.07301 |  45.6 |            0 |
    |  92 |    92 |   0.04251 |    0.06642 |  39.1 |     2.84e-14 |
    |  93 |    93 |   0.04784 |    0.06818 |  38.7 |     2.84e-14 |
    |  94 |    94 |   0.04801 |    0.06216 |  34.5 |    -2.84e-14 |
    |  95 |    95 |   0.04281 |    0.06039 |  39.7 |     5.68e-14 |
    |  96 |    96 |   0.04809 |    0.05629 |  35.3 |    -1.42e-14 |
    |  97 |    97 |   0.04291 |    0.05446 |    34 |     2.84e-14 |
    |  98 |    98 |   0.04822 |    0.05055 |    31 |            0 |
    |  99 |    99 |   0.04312 |     0.0486 |  34.1 |            0 |
    | 100 |   100 |   0.04877 |     0.0453 |  31.3 |     1.42e-14 |
    | 101 |   101 |   0.05324 |    0.05697 |    31 |     1.42e-14 |
    | 102 |   102 |   0.04382 |    0.04296 |  29.4 |     1.42e-14 |
    | 103 |   103 |   0.05036 |    0.04097 |  27.8 |     1.42e-14 |
    | 104 |   104 |   0.05337 |    0.04283 |  29.5 |     7.51e-15 |
    | 105 |   105 |   0.02978 |    0.07087 |  54.6 |     2.84e-14 |
    | 106 |   106 |   0.05338 |    0.03742 |    28 |    -3.55e-15 |
    | 107 |   107 |   0.05633 |     0.0411 |  26.9 |     1.42e-14 |
    | 108 |   108 |   0.04572 |    0.03798 |  29.4 |            0 |
    | 109 |   109 |   0.03837 |    0.04026 |  31.2 |    -1.42e-14 |
    | 110 |   110 |   0.05762 |    0.03399 |  25.3 |     2.13e-14 |
    | 111 |   111 |   0.06075 |    0.03838 |  26.8 |    -1.42e-14 |
    | 112 |   112 |    0.0625 |    0.04351 |  26.1 |    -5.68e-14 |
    | 113 |   113 |   0.03967 |    0.03345 |  26.7 |     2.84e-14 |
    | 114 |   114 |   0.03283 |    0.03815 |  28.4 |    -4.26e-14 |
    | 115 |   115 |   0.03293 |    0.03184 |    28 |     2.35e-14 |
    | 116 |   116 |  0.005323 |    0.06132 |    32 |     2.82e-15 |
    | 117 |   117 |   0.06277 |     0.0294 |  24.8 |     1.42e-14 |
    | 118 |   118 |   0.02364 |   0.005601 |    21 |            0 |
    | 119 |   119 |   0.09429 |    0.02279 |  20.6 |            0 |
    | 120 |   120 |   0.06772 |    0.04124 |  25.9 |    -1.42e-14 |
    | 121 |   121 |   0.06842 |    0.04728 |  25.4 |            0 |
    | 122 |   122 |   0.03261 |    0.04461 |  33.9 |     1.42e-14 |
    | 123 |   123 |   0.04493 |       0.03 |    27 |     3.55e-14 |
    | 124 |   124 |   0.09454 |    0.08182 |  20.6 |            0 |
    | 125 |   125 |   0.02735 |    0.04359 |  30.5 |    -7.11e-15 |
    | 126 |   126 |   0.02735 |     0.0504 |    38 |    -4.26e-14 |
    | 127 |   127 |   0.05803 |    0.02717 |  24.1 |     2.84e-14 |
    | 128 |   128 |   0.07369 |    0.04631 |  25.1 |     7.11e-15 |
    | 129 |   129 |   0.07385 |    0.05248 |  24.7 |     1.42e-14 |
    | 130 |   130 |   0.07328 |    0.04005 |  23.8 |     1.42e-14 |
    | 131 |   131 |   0.03826 |     0.0791 |    50 |    -5.68e-14 |
    | 132 |   132 |   0.04772 |    0.07419 |    36 |    -1.42e-14 |
    | 133 |   133 |   0.05317 |     0.0687 |  32.6 |     1.42e-14 |
    | 134 |   134 |   0.06325 |    0.02286 |    23 |     2.84e-14 |
    | 135 |   135 |   0.01226 |     0.0758 |  94.3 |    -2.84e-14 |
    | 136 |   136 |  0.005536 |    0.01814 |  20.7 |            0 |
    | 137 |   137 |   0.08528 |   0.007386 |  20.5 |    -2.84e-14 |
    | 138 |   138 |   0.06868 |    0.05343 |  27.1 |    -1.42e-14 |
    | 139 |   139 |   0.07391 |    0.05848 |  25.8 |     7.11e-15 |
    | 140 |   140 |   0.06883 |    0.05942 |  26.3 |            0 |
    | 141 |   141 |   0.07399 |    0.06408 |    25 |            0 |
    | 142 |   142 |   0.06914 |    0.06525 |  27.4 |     2.13e-14 |
    | 143 |   143 |    0.0742 |    0.06811 |  25.7 |    -7.11e-15 |
    | 144 |   144 |   0.07045 |    0.07146 |  25.6 |     2.84e-14 |
    | 145 |   145 |   0.07567 |    0.07436 |  24.8 |     1.42e-14 |
    | 146 |   146 |   0.06935 |    0.07658 |  26.4 |    -2.13e-14 |
    | 147 |   147 |   0.03766 |    0.05855 |  38.2 |    -4.26e-14 |
    | 148 |   148 |   0.05314 |    0.07463 |  34.5 |     1.42e-14 |
    | 149 |   149 |   0.07865 |    0.06455 |  24.6 |    -3.55e-14 |
    | 150 |   150 |   0.07903 |    0.04668 |  23.4 |    -7.11e-15 |
    | 151 |   151 |   0.02215 |    0.04321 |  32.1 |    -3.55e-14 |
    | 152 |   152 |   0.02218 |    0.05015 |  33.7 |    -2.13e-14 |
    | 153 |   153 |   0.02208 |    0.03648 |  26.8 |    -1.42e-14 |
    | 154 |   154 |   0.05803 |    0.02283 |  24.1 |            0 |
    | 155 |   155 |   0.07297 |    0.07888 |  24.3 |     1.07e-14 |
    | 156 |   156 |   0.08267 |    0.09445 |  20.7 |     7.11e-15 |
    | 157 |   157 |   0.08039 |    0.07689 |    23 |     1.17e-14 |
    | 158 |   158 |   0.06308 |    0.01711 |  22.7 |            0 |
    | 159 |   159 |   0.06868 |    0.02326 |  23.2 |     1.42e-14 |
    | 160 |   160 |   0.04121 |    0.09431 |  28.5 |            0 |
    | 161 |   161 |   0.07016 |    0.08319 |  24.9 |     2.84e-14 |
    | 162 |   162 |   0.01686 |    0.04306 |  28.1 |     1.42e-14 |
    | 163 |   163 |   0.01676 |    0.03642 |  27.3 |    -7.11e-15 |
    | 164 |   164 |   0.07782 |    0.08273 |  23.3 |            0 |
    | 165 |   165 |   0.02196 |    0.05708 |  44.1 |     5.68e-14 |
    | 166 |   166 |   0.01683 |     0.0498 |  34.6 |    -2.84e-14 |
    | 167 |   167 |   0.01646 |    0.05635 |  37.2 |            0 |
    | 168 |   168 |   0.06353 |    0.05509 |  27.4 |    -4.26e-14 |
    | 169 |   169 |   0.02202 |    0.03003 |  26.3 |    -2.49e-14 |
    | 170 |   170 |   0.01665 |    0.03002 |    24 |            0 |
    | 171 |   171 |   0.02199 |    0.02369 |  23.4 |     1.42e-14 |
    | 172 |   172 |   0.01657 |    0.02374 |  23.7 |    -2.84e-14 |
    | 173 |   173 |   0.02214 |    0.01746 |  23.1 |     1.42e-14 |
    | 174 |   174 |   0.01663 |    0.01754 |  21.9 |    -4.26e-14 |
    | 175 |   175 |   0.02738 |    0.02408 |  25.2 |    -4.62e-14 |
    | 176 |   176 |    0.0528 |     0.0228 |  23.7 |    -7.11e-15 |
    | 177 |   177 |   0.05299 |    0.01727 |  23.4 |    -3.55e-14 |
    | 178 |   178 |   0.04664 |    0.02257 |  24.9 |    -2.13e-14 |
    | 179 |   179 |   0.04827 |    0.01673 |  22.7 |     1.42e-14 |
    | 180 |   180 |    0.0429 |    0.01975 |  23.4 |     7.11e-15 |
    | 181 |   181 |   0.04785 |    0.08016 |  37.3 |    -1.42e-14 |
    | 182 |   182 |   0.02735 |    0.05717 |  40.2 |    -5.68e-14 |
    | 183 |   183 |   0.02763 |    0.01755 |  22.7 |            0 |
    | 184 |   184 |   0.06388 |    0.06692 |  27.9 |     2.84e-14 |
    | 185 |   185 |    0.0113 |    0.03657 |  24.2 |            0 |
    | 186 |   186 |   0.05319 |    0.08064 |    31 |     2.84e-14 |
    | 187 |   187 |   0.08393 |     0.0787 |  22.6 |     1.42e-14 |
    | 188 |   188 |   0.08228 |    0.07181 |  23.4 |            0 |
    | 189 |   189 |   0.04795 |    0.08604 |    32 |     7.82e-14 |
    | 190 |   190 |   0.01175 |   0.005724 |  20.6 |     7.11e-15 |
    | 191 |   191 |   0.09483 |    0.01114 |  20.3 |     7.11e-15 |
    | 192 |   192 |   0.04364 |    0.01609 |  23.4 |     1.42e-14 |
    | 193 |   193 |   0.05849 |    0.07411 |  29.7 |    -2.84e-14 |
    | 194 |   194 |   0.06862 |    0.01727 |  21.9 |    -1.78e-15 |
    | 195 |   195 |   0.07417 |    0.01727 |  21.9 |     7.11e-15 |
    | 196 |   196 |   0.06251 |    0.01143 |  21.4 |    -7.11e-15 |
    | 197 |   197 |   0.07536 |    0.02413 |  22.1 |     2.13e-14 |
    | 198 |   198 |   0.07939 |    0.02134 |  21.9 |     1.42e-14 |
    | 199 |   199 |   0.08099 |    0.02801 |  22.3 |    -7.11e-15 |
    | 200 |   200 |   0.07923 |    0.01738 |  21.3 |    -1.42e-14 |
    | 201 |   201 |   0.01898 |    0.07436 |  77.7 |    -8.53e-14 |
    | 202 |   202 |   0.08396 |     0.0184 |  21.3 |     -1.6e-14 |
    | 203 |   203 |   0.03011 |    0.09468 |  38.1 |    -7.11e-15 |
    | 204 |   204 |   0.03317 |    0.01724 |  23.7 |     1.42e-14 |
    | 205 |   205 |   0.08386 |      0.083 |  21.9 |    -2.84e-14 |
    | 206 |   206 |  0.004579 |     0.0721 |  44.4 |    -1.42e-14 |
    | 207 |   207 |   0.07799 |    0.08898 |  21.9 |     1.42e-14 |
    | 208 |   208 |   0.01102 |    0.05566 |  35.6 |      3.2e-14 |
    | 209 |   209 |   0.01034 |    0.06108 |  37.3 |     3.05e-14 |
    | 210 |   210 |   0.01522 |     0.0622 |  49.6 |     5.03e-14 |
    | 211 |   211 |   0.01292 |    0.06666 |  49.5 |     4.28e-14 |
    | 212 |   212 |   0.01136 |    0.04304 |  27.5 |    -1.42e-14 |
    | 213 |   213 |   0.03403 |    0.01115 |  21.8 |     1.07e-14 |
    | 214 |   214 |   0.05342 |    0.01341 |    22 |            0 |
    | 215 |   215 |   0.06365 |     0.0792 |  26.8 |     1.78e-14 |
    | 216 |   216 |   0.06354 |    0.08679 |  25.7 |    -2.84e-14 |
    | 217 |   217 |   0.08448 |    0.01314 |  20.7 |            0 |
    | 218 |   218 |   0.08948 |    0.01492 |  20.7 |     7.11e-15 |
    | 219 |   219 |   0.06822 |    0.08792 |  23.6 |            0 |
    | 220 |   220 |   0.06318 |    0.09119 |  23.4 |    -7.11e-15 |
    | 221 |   221 |    0.0587 |    0.08662 |  26.3 |     1.42e-14 |
    | 222 |   222 |  0.005715 |    0.04327 |  23.2 |    -3.55e-14 |
    | 223 |   223 |   0.01109 |    0.01776 |  21.8 |            0 |
    | 224 |   224 |   0.02842 |    0.01138 |  22.2 |    -2.13e-14 |
    | 225 |   225 |   0.01129 |    0.01166 |  20.8 |     2.13e-14 |
    | 226 |   226 |   0.01701 |    0.01152 |  21.6 |     1.42e-14 |
    | 227 |   227 |  0.005522 |    0.05568 |  26.8 |     7.11e-15 |
    | 228 |   228 |  0.005097 |    0.06633 |  32.9 |     2.26e-14 |
    | 229 |   229 |   0.03258 |    0.05745 |  43.5 |    -5.68e-14 |
    | 230 |   230 |   0.03283 |    0.06339 |  44.3 |     4.26e-14 |
    | 231 |   231 |   0.03773 |    0.05257 |  37.9 |    -1.42e-14 |
    | 232 |   232 |   0.02113 |    0.06509 |    51 |            0 |
    | 233 |   233 |   0.03571 |     0.0946 |  34.4 |            0 |
    | 234 |   234 |   0.03929 |    0.08911 |    40 |    -7.11e-15 |
    | 235 |   235 |   0.01661 |    0.06992 |  69.3 |            0 |
    | 236 |   236 |   0.04716 |    0.09251 |  28.7 |            0 |
    | 237 |   237 |    0.0325 |    0.02501 |  24.5 |    -1.07e-14 |
    | 238 |   238 |   0.06321 |    0.04923 |  28.2 |            0 |
    | 239 |   239 |   0.05817 |    0.05078 |  28.3 |     1.42e-14 |
    | 240 |   240 |   0.06367 |    0.06099 |  29.3 |     5.68e-14 |
    | 241 |   241 |   0.05845 |    0.06226 |  29.8 |     2.84e-14 |
    | 242 |   242 |   0.05763 |    0.04551 |  29.1 |     7.11e-15 |
    | 243 |   243 |   0.00567 |    0.03697 |  22.9 |     2.84e-14 |
    | 244 |   244 |   0.07939 |    0.01202 |  21.1 |     2.13e-14 |
    | 245 |   245 |  0.005569 |    0.02442 |  21.4 |    -3.55e-15 |
    | 246 |   246 |   0.01111 |    0.02401 |    22 |     2.66e-14 |
    | 247 |   247 |   0.04753 |     0.0057 |  21.1 |    -4.11e-15 |
    | 248 |   248 |   0.09514 |    0.04599 |  20.7 |    -1.42e-14 |
    | 249 |   249 |   0.08983 |    0.04922 |  21.6 |            0 |
    | 250 |   250 |   0.09114 |    0.04269 |  21.5 |    -1.78e-15 |
    | 251 |   251 |   0.08953 |    0.05531 |  22.1 |    -1.42e-14 |
    | 252 |   252 |   0.08429 |    0.05398 |  22.7 |     3.55e-14 |
    | 253 |   253 |   0.08409 |    0.06013 |  23.3 |            0 |
    | 254 |   254 |   0.08933 |    0.06151 |  21.8 |    -4.26e-14 |
    | 255 |   255 |   0.09516 |     0.0406 |  20.7 |            0 |
    | 256 |   256 |   0.08992 |    0.03618 |  21.3 |    -2.13e-14 |
    | 257 |   257 |    0.0895 |    0.03209 |  21.4 |            0 |
    | 258 |   258 |   0.08501 |    0.03545 |  22.2 |    -1.42e-14 |
    | 259 |   259 |   0.08475 |    0.04145 |  22.2 |     7.11e-15 |
    | 260 |   260 |   0.06213 |   0.005834 |  20.9 |    -1.42e-14 |
    | 261 |   261 |   0.06837 |   0.005706 |  20.6 |     1.42e-14 |
    | 262 |   262 |   0.03746 |    0.06439 |  45.5 |     5.68e-14 |
    | 263 |   263 |   0.04151 |   0.005461 |  20.9 |     2.13e-14 |
    | 264 |   264 |   0.09317 |    0.02966 |  20.7 |    -2.84e-14 |
    | 265 |   265 |    0.0876 |    0.02564 |  21.4 |     3.55e-15 |
    | 266 |   266 |   0.07678 |    0.09447 |  21.2 |    -4.26e-14 |
    | 267 |   267 |   0.09439 |    0.07528 |  20.9 |    -1.42e-14 |
    | 268 |   268 |   0.09465 |    0.06228 |  21.1 |    -7.11e-15 |
    | 269 |   269 |   0.08845 |    0.09429 |  20.6 |     5.33e-15 |
    | 270 |   270 |   0.09477 |    0.05602 |  20.9 |     2.13e-14 |
    | 271 |   271 |   0.08889 |    0.06784 |  22.2 |    -1.42e-14 |
    | 272 |   272 |   0.05312 |    0.02914 |  25.9 |    -3.55e-14 |
    | 273 |   273 |   0.05835 |    0.05636 |  30.9 |     2.84e-14 |
    | 274 |   274 |   0.04167 |    0.02579 |  24.7 |     7.11e-15 |
    | 275 |   275 |   0.05322 |     0.0512 |  31.8 |    -2.84e-14 |
    | 276 |   276 |   0.07402 |    0.01156 |    21 |     1.78e-14 |
    | 277 |   277 |   0.06813 |    0.02793 |  23.2 |     2.13e-14 |
    | 278 |   278 |   0.05326 |    0.04616 |  28.6 |            0 |
    | 279 |   279 |   0.05789 |    0.01724 |  22.5 |    -2.84e-14 |
    | 280 |   280 |   0.02781 |     0.0639 |  53.8 |    -5.68e-14 |
    | 281 |   281 |   0.02275 |    0.01147 |  21.5 |    -2.13e-14 |
    | 282 |   282 |  0.004773 |    0.08104 |  57.9 |     2.66e-14 |
    | 283 |   283 |   0.01921 |    0.09491 |  59.9 |    -7.11e-15 |
    | 284 |   284 |   0.03794 |    0.04649 |  31.6 |     1.42e-14 |
    | 285 |   285 |   0.07354 |    0.08511 |  23.2 |    -3.95e-14 |
    | 286 |   286 |   0.06584 |    0.03556 |  24.4 |    -1.42e-14 |
    | 287 |   287 |   0.07755 |    0.06965 |    24 |    -7.11e-15 |
    | 288 |   288 |   0.04913 |     0.0338 |  26.2 |    -1.42e-14 |
    | 289 |   289 |    0.0274 |    0.03713 |  29.8 |     2.13e-14 |
    | 290 |   290 |     0.043 |    0.08483 |  39.5 |    -1.42e-14 |
    | 291 |   291 |   0.01117 |     0.0303 |  23.8 |     2.13e-14 |
    | 292 |   292 |   0.01125 |    0.04952 |  28.7 |    -7.11e-15 |
    | 293 |   293 |   0.02453 |    0.08951 |  73.3 |     1.42e-14 |
    | 294 |   294 |   0.05322 |     0.0626 |  34.3 |    -4.26e-14 |
    | 295 |   295 |   0.02739 |     0.0307 |  25.7 |     1.78e-14 |
    | 296 |   296 |   0.07227 |    0.03225 |  23.9 |     1.42e-14 |
    | 297 |   297 |   0.04278 |    0.07949 |  39.8 |     2.13e-14 |
    | 298 |   298 |   0.04809 |    0.02737 |  24.8 |    -1.62e-14 |
    | 299 |   299 |   0.03254 |    0.05123 |  34.9 |     2.84e-14 |
    | 300 |   300 |   0.06402 |    0.07286 |  28.8 |     1.07e-14 |
    | 301 |   301 |  0.004499 |    0.07728 |  57.1 |    -1.14e-13 |
    | 302 |   302 |   0.02353 |    0.07239 |  75.3 |     4.26e-14 |
    | 303 |   303 |   0.03823 |    0.02796 |  26.7 |    -3.91e-14 |
    | 304 |   304 |   0.03383 |    0.08382 |  57.1 |     7.11e-14 |
    | 305 |   305 |  0.004914 |    0.08633 |  70.2 |    -2.84e-14 |
    | 306 |   306 |  0.004662 |    0.09187 |  44.1 |    -5.68e-14 |
    | 307 |   307 |   0.01375 |    0.09509 |  70.1 |            0 |
    | 308 |   308 |    0.0247 |    0.09478 |  56.9 |     1.99e-13 |
    | 309 |   309 |    0.0585 |    0.08028 |  29.9 |    -1.42e-14 |
    | 310 |   310 |   0.03319 |    0.06757 |  52.2 |    -2.66e-14 |
    | 311 |   311 |  0.005652 |    0.01203 |  20.6 |            0 |
    | 312 |   312 |   0.09453 |    0.08801 |  20.5 |     4.26e-14 |
    | 313 |   313 |   0.09077 |   0.005394 |  20.2 |     1.87e-14 |
    | 314 |   314 |   0.05974 |    0.09249 |  24.1 |      1.6e-14 |
    | 315 |   315 |   0.04289 |    0.08864 |  33.5 |    -4.26e-14 |
    | 316 |   316 |   0.03934 |    0.02143 |  24.8 |     3.55e-15 |
    | 317 |   317 |   0.03449 |     0.0892 |  43.6 |     2.13e-14 |
    | 318 |   318 |    0.0585 |    0.06802 |  31.7 |    -2.26e-14 |
    | 319 |   319 |   0.03872 |    0.01644 |  22.8 |    -3.55e-14 |
    | 320 |   320 |   0.05345 |    0.08664 |  29.8 |            0 |
    | 321 |   321 |    0.0877 |    0.07531 |  21.8 |    -2.13e-14 |
    | 322 |   322 |   0.06837 |    0.01146 |  21.6 |    -1.42e-14 |
    | 323 |   323 |   0.08901 |    0.08239 |  21.5 |     1.07e-14 |
    | 324 |   324 |   0.08897 |     0.0884 |  20.9 |    -3.55e-15 |
    | 325 |   325 |   0.03977 |    0.01098 |  22.3 |    -2.13e-14 |
    | 326 |   326 |   0.07895 |    0.05894 |  23.8 |    -7.11e-15 |
    | 327 |   327 |   0.07903 |    0.05297 |  24.3 |     7.11e-15 |
    | 328 |   328 |   0.08451 |    0.04779 |  22.9 |     7.11e-15 |
    | 329 |   329 |   0.08349 |    0.06617 |  22.9 |    -1.42e-14 |
    | 330 |   330 |   0.07904 |    0.04039 |  23.5 |     3.64e-14 |
    | 331 |   331 |   0.07949 |    0.03394 |  22.5 |     1.07e-14 |
    | 332 |   332 |   0.09465 |    0.01687 |  20.3 |    -1.42e-14 |
    | 333 |   333 |   0.05718 |    0.01128 |  22.1 |     2.84e-14 |
    | 334 |   334 |   0.01777 |   0.005701 |  20.6 |     4.97e-14 |
    | 335 |   335 |   0.05026 |    0.01212 |  22.4 |     2.13e-14 |
    | 336 |   336 |   0.02968 |     0.0056 |  20.8 |     2.13e-14 |
    | 337 |   337 |   0.08597 |    0.03039 |  21.5 |     7.11e-15 |
    | 338 |   338 |   0.08009 |   0.006212 |  20.4 |    -3.55e-15 |
    | 339 |   339 |   0.07283 |    0.08889 |    23 |    -1.42e-14 |
    | 340 |   340 |   0.06629 |    0.09296 |  22.9 |     7.11e-15 |
    | 341 |   341 |   0.08955 |   0.009489 |  20.4 |     7.11e-15 |
    | 342 |   342 |   0.08281 |    0.02322 |  21.4 |    -7.11e-15 |
    | 343 |   343 |   0.03851 |    0.08412 |  42.5 |     1.78e-14 |
    | 344 |   344 |   0.01381 |    0.07326 |  71.7 |     5.68e-14 |
    | 345 |   345 |   0.08885 |     0.0205 |  20.8 |    -3.55e-14 |
    | 346 |   346 |   0.09419 |    0.09402 |  20.2 |    -7.11e-15 |
    | 347 |   347 |    0.0059 |   0.005987 |  20.2 |     3.55e-15 |
    | 348 |   348 |   0.09465 |   0.005619 |  20.1 |     1.07e-14 |
    | 349 |   349 |  0.008411 |    0.09546 |  44.4 |     5.68e-14 |
    | 350 |   350 |   0.02951 |    0.08926 |  62.3 |     9.95e-14 |
    | 351 |   351 |   0.08335 |    0.08867 |  21.6 |    -2.84e-14 |
    | 352 |   352 |   0.01027 |     0.0704 |    61 |     1.64e-14 |
    | 353 |   353 |   0.01607 |    0.07565 |  95.8 |            0 |
    | 354 |   354 |   0.00813 |     0.0751 |  60.1 |    -7.11e-14 |
    | 355 |   355 |  0.004699 |     0.0954 |  36.8 |     8.53e-14 |
    | 356 |   356 |   0.04536 |     0.0112 |  21.8 |     1.42e-14 |
    | 357 |   357 |  0.009755 |    0.06467 |    47 |     -1.6e-14 |
    +-----+-------+-----------+------------+-------+--------------+

    Results per element:

    +------+-----+-----+-----+-----+----------+----------+----------+---------+----------+
    |   El |   N |   N |   N |   N |       qx |       qy |    q_res |   dT/dx |    dT/dy |
    |   Nb |   1 |   2 |   3 |   4 |   [W/m2] |   [W/m2] |   [W/m2] |   [C/m] |    [C/m] |
    |------+-----+-----+-----+-----+----------+----------+----------+---------+----------|
    |    1 | 276 |  81 | 338 | 244 |     40.5 |   -146.8 |    207.6 |   -23.8 |     86.3 |
    |    2 | 201 | 235 | 232 | 302 |    255.3 |  -4835.1 |   6837.9 |  -150.2 |   2844.2 |
    |    3 | 320 | 221 | 314 |  76 |    669.8 |    927.0 |   1311.0 |  -394.0 |   -545.3 |
    |    4 | 225 | 190 | 334 | 226 |   -118.0 |   -201.0 |    284.3 |    69.4 |    118.2 |
    |    5 | 209 | 116 | 227 | 208 |  -2315.7 |  -1235.9 |   1747.8 |  1362.2 |    727.0 |
    |    6 | 213 | 224 | 336 |  77 |     11.9 |   -303.7 |    429.5 |    -7.0 |    178.7 |
    |    7 | 189 | 320 |  76 | 236 |    755.9 |   1131.5 |   1600.2 |  -444.7 |   -665.6 |
    |    8 | 150 | 328 | 252 | 327 |    347.3 |    -90.9 |    128.6 |  -204.3 |     53.5 |
    |    9 | 307 | 283 |  51 |  52 |   1716.1 |  15589.4 |  22046.8 | -1009.5 |  -9170.3 |
    |   10 | 305 |  55 |  56 | 282 | -15701.7 |  -1616.0 |   2285.4 |  9236.3 |    950.6 |
    |   11 | 331 | 199 | 337 | 258 |    203.5 |    -91.9 |    129.9 |  -119.7 |     54.0 |
    |   12 |  44 | 314 | 220 | 340 |    257.7 |    679.8 |    961.4 |  -151.6 |   -399.9 |
    |   13 | 305 | 306 |  54 |  55 | -12071.1 |   3509.1 |   4962.6 |  7100.6 |  -2064.2 |
    |   14 | 304 | 343 | 234 | 317 |   3197.3 |   2180.8 |   3084.2 | -1880.8 |  -1282.8 |
    |   15 |  62 |  63 | 243 | 222 |   -914.5 |    -48.9 |     69.1 |   537.9 |     28.8 |
    |   16 | 266 | 207 | 351 | 156 |    127.5 |    259.1 |    366.4 |   -75.0 |   -152.4 |
    |   17 | 280 | 105 | 302 | 232 |   1630.3 |  -3479.3 |   4920.5 |  -959.0 |   2046.7 |
    |   18 | 344 | 235 | 201 | 353 |   -321.3 |  -7874.8 |  11136.7 |   189.0 |   4632.2 |
    |   19 | 222 | 212 | 292 |  75 |  -1088.6 |   -514.4 |    727.5 |   640.4 |    302.6 |
    |   20 | 329 | 271 | 321 | 188 |    341.6 |     38.7 |     54.8 |  -200.9 |    -22.8 |
    |   21 | 335 |  73 | 333 | 214 |     49.2 |   -255.9 |    361.9 |   -28.9 |    150.5 |
    |   22 |  60 |  61 |  75 | 227 |  -1927.5 |   -149.6 |    211.6 |  1133.8 |     88.0 |
    |   23 | 230 | 310 | 105 | 280 |   1649.5 |  -1652.3 |   2336.7 |  -970.3 |    971.9 |
    |   24 | 259 | 330 | 331 | 258 |    270.9 |   -123.8 |    175.0 |  -159.4 |     72.8 |
    |   25 | 166 | 292 | 212 | 162 |   -968.1 |   -995.8 |   1408.3 |   569.5 |    585.8 |
    |   26 |  63 |  64 |  80 | 243 |   -681.1 |   -173.3 |    245.2 |   400.7 |    102.0 |
    |   27 | 221 | 309 | 215 | 216 |    664.6 |    572.0 |    809.0 |  -390.9 |   -336.5 |
    |   28 | 260 | 261 | 322 | 196 |     24.8 |   -218.3 |    308.7 |   -14.6 |    128.4 |
    |   29 | 253 | 326 | 327 | 252 |    356.3 |     -7.7 |     10.9 |  -209.6 |      4.5 |
    |   30 |  57 | 301 | 282 |  56 | -13817.7 |    240.6 |    340.2 |  8128.0 |   -141.5 |
    |   31 | 332 | 218 | 341 | 191 |     91.4 |    -54.7 |     77.3 |   -53.7 |     32.2 |
    |   32 |  50 |  51 | 283 | 308 |    573.2 |  12673.2 |  17922.5 |  -337.1 |  -7454.8 |
    |   33 | 188 | 287 | 149 | 329 |    377.8 |     82.3 |    116.3 |  -222.2 |    -48.4 |
    |   34 | 229 | 147 | 262 | 230 |    974.8 |  -1184.2 |   1674.8 |  -573.4 |    696.6 |
    |   35 | 223 | 136 | 311 | 225 |   -212.3 |   -155.3 |    219.6 |   124.9 |     91.3 |
    |   36 | 300 | 215 | 309 | 193 |    680.4 |    257.0 |    363.4 |  -400.2 |   -151.2 |
    |   37 | 290 | 315 | 234 | 343 |   1940.3 |   1494.4 |   2113.5 | -1141.4 |   -879.1 |
    |   38 | 119 | 345 | 218 | 332 |    115.0 |    -45.4 |     64.3 |   -67.7 |     26.7 |
    |   39 | 232 | 210 | 167 | 165 |   -465.2 |  -2440.6 |   3451.5 |   273.6 |   1435.6 |
    |   40 | 228 | 206 |  57 |  58 |  -7625.8 |  -1962.5 |   2775.3 |  4485.8 |   1154.4 |
    |   41 | 273 | 241 | 294 | 101 |    727.1 |   -323.1 |    457.0 |  -427.7 |    190.1 |
    |   42 |  92 | 262 | 147 |  95 |   1177.1 |   -913.3 |   1291.6 |  -692.4 |    537.2 |
    |   43 |  65 |  66 | 136 | 245 |   -337.0 |    -94.4 |    133.5 |   198.2 |     55.5 |
    |   44 | 101 | 275 | 239 | 273 |    572.4 |   -286.3 |    404.8 |  -336.7 |    168.4 |
    |   45 | 122 | 284 | 231 | 299 |    182.6 |   -965.1 |   1364.8 |  -107.4 |    567.7 |
    |   46 |  97 | 231 | 284 |  99 |    547.6 |   -857.8 |   1213.0 |  -322.1 |    504.6 |
    |   47 | 232 | 235 | 211 | 210 |  -1111.2 |  -4131.9 |   5843.4 |   653.7 |   2430.5 |
    |   48 | 184 | 300 | 193 | 318 |    764.9 |    162.7 |    230.0 |  -449.9 |    -95.7 |
    |   49 | 328 | 150 | 330 | 259 |    288.6 |    -72.2 |    102.1 |  -169.8 |     42.5 |
    |   50 | 116 | 228 |  58 |  59 |  -4122.8 |   -218.9 |    309.5 |  2425.2 |    128.7 |
    |   51 | 242 | 239 | 275 | 278 |    486.2 |   -431.4 |    610.1 |  -286.0 |    253.8 |
    |   52 | 115 | 295 | 175 | 237 |   -168.0 |   -501.1 |    708.7 |    98.8 |    294.8 |
    |   53 |  79 | 271 | 254 | 268 |    321.0 |     -6.8 |      9.6 |  -188.8 |      4.0 |
    |   54 |  28 | 264 | 119 |  27 |    174.4 |     -7.1 |     10.0 |  -102.6 |      4.2 |
    |   55 | 236 |  76 |  45 |  46 |    466.5 |   1404.3 |   1986.0 |  -274.4 |   -826.1 |
    |   56 | 241 | 273 | 168 | 240 |    621.9 |   -121.0 |    171.1 |  -365.8 |     71.2 |
    |   57 | 222 |  75 |  61 |  62 |  -1388.4 |   -360.4 |    509.6 |   816.7 |    212.0 |
    |   58 | 280 | 182 | 229 | 230 |    981.5 |  -1998.5 |   2826.3 |  -577.4 |   1175.6 |
    |   59 | 309 | 221 | 320 | 186 |    770.3 |    634.8 |    897.7 |  -453.1 |   -373.4 |
    |   60 | 172 | 170 | 291 | 246 |   -309.5 |   -274.2 |    387.8 |   182.1 |    161.3 |
    |   61 | 291 |  80 | 245 | 246 |   -451.4 |   -253.7 |    358.7 |   265.5 |    149.2 |
    |   62 |  75 | 292 | 208 | 227 |  -1793.0 |  -1138.3 |   1609.7 |  1054.7 |    669.6 |
    |   63 | 233 | 160 |  47 |  48 |    931.7 |   3143.5 |   4445.6 |  -548.1 |  -1849.1 |
    |   64 | 112 | 238 | 239 | 242 |    434.2 |   -251.7 |    355.9 |  -255.4 |    148.0 |
    |   65 | 227 | 116 |  59 |  60 |  -3061.3 |   -793.5 |   1122.2 |  1800.8 |    466.8 |
    |   66 | 203 | 233 |  48 |  49 |    572.1 |   5001.5 |   7073.1 |  -336.5 |  -2942.0 |
    |   67 |  78 |  29 |  30 | 255 |    244.7 |      8.1 |     11.4 |  -143.9 |     -4.7 |
    |   68 | 240 | 168 | 138 | 140 |    509.7 |   -160.6 |    227.1 |  -299.8 |     94.5 |
    |   69 | 160 | 236 |  46 |  47 |    282.2 |   2099.2 |   2968.7 |  -166.0 |  -1234.8 |
    |   70 | 178 | 298 | 123 | 274 |     86.9 |   -465.4 |    658.2 |   -51.1 |    273.8 |
    |   71 | 340 | 219 | 339 |  82 |    259.5 |    431.6 |    610.3 |  -152.6 |   -253.9 |
    |   72 | 140 | 142 | 184 | 240 |    589.5 |      7.0 |      9.9 |  -346.8 |     -4.1 |
    |   73 | 247 |  16 |  17 |  73 |     43.3 |   -276.2 |    390.6 |   -25.5 |    162.5 |
    |   74 | 182 | 165 | 152 | 126 |     -2.2 |  -1573.5 |   2225.3 |     1.3 |    925.6 |
    |   75 | 136 | 223 | 246 | 245 |   -271.0 |   -121.0 |    171.1 |   159.4 |     71.2 |
    |   76 | 258 | 256 | 250 | 259 |    249.4 |    -45.9 |     64.9 |  -146.7 |     27.0 |
    |   77 | 270 | 251 | 249 |  74 |    314.1 |    -42.5 |     60.1 |  -184.8 |     25.0 |
    |   78 | 196 | 333 |  73 | 260 |     70.8 |   -283.8 |    401.4 |   -41.7 |    167.0 |
    |   79 | 281 | 118 | 336 | 224 |    -89.0 |   -296.5 |    419.3 |    52.3 |    174.4 |
    |   80 | 268 | 254 | 251 | 270 |    316.6 |     16.5 |     23.3 |  -186.2 |     -9.7 |
    |   81 | 107 | 242 | 278 | 104 |    375.9 |   -341.7 |    483.3 |  -221.1 |    201.0 |
    |   82 | 121 | 138 | 168 | 238 |    459.4 |   -148.6 |    210.1 |  -270.2 |     87.4 |
    |   83 |  74 | 248 |  30 |  31 |    281.8 |    -30.6 |     43.3 |  -165.7 |     18.0 |
    |   84 |  16 | 247 | 263 |  15 |    -31.0 |   -321.9 |    455.2 |    18.2 |    189.3 |
    |   85 |  74 | 249 | 250 | 248 |    275.4 |    -10.6 |     15.0 |  -162.0 |      6.2 |
    |   86 | 284 | 122 | 114 | 109 |    197.3 |   -781.0 |   1104.6 |  -116.0 |    459.4 |
    |   87 | 314 | 221 | 216 | 220 |    357.3 |    713.2 |   1008.7 |  -210.2 |   -419.5 |
    |   88 | 260 |  18 |  19 | 261 |     42.3 |   -224.9 |    318.1 |   -24.9 |    132.3 |
    |   89 |  79 | 268 |  33 |  34 |    304.2 |     27.2 |     38.5 |  -178.9 |    -16.0 |
    |   90 |  73 |  17 |  18 | 260 |    -11.6 |   -261.2 |    369.4 |     6.8 |    153.6 |
    |   91 |  77 |  14 |  15 | 263 |     35.1 |   -299.5 |    423.6 |   -20.7 |    176.2 |
    |   92 |  43 |  82 | 266 |  42 |     35.2 |    426.3 |    602.8 |   -20.7 |   -250.8 |
    |   93 | 264 |  28 |  29 |  78 |    220.6 |    -36.0 |     50.9 |  -129.8 |     21.2 |
    |   94 | 245 |  80 |  64 |  65 |   -453.2 |    -16.4 |     23.2 |   266.6 |      9.7 |
    |   95 |  31 |  32 | 270 |  74 |    301.7 |     16.2 |     22.9 |  -177.5 |     -9.5 |
    |   96 | 256 | 257 | 264 |  78 |    228.5 |    -30.3 |     42.8 |  -134.4 |     17.8 |
    |   97 | 267 |  79 |  34 |  35 |    276.8 |     -3.3 |      4.6 |  -162.8 |      1.9 |
    |   98 | 167 | 166 | 152 | 165 |   -771.6 |  -1677.4 |   2372.2 |   453.9 |    986.7 |
    |   99 | 329 | 149 | 326 | 253 |    382.3 |    -19.2 |     27.2 |  -224.9 |     11.3 |
    |  100 | 269 |  40 |  41 | 156 |     25.8 |    199.4 |    282.0 |   -15.2 |   -117.3 |
    |  101 | 261 |  19 |  20 |  81 |     -4.2 |   -186.3 |    263.4 |     2.4 |    109.6 |
    |  102 | 156 |  41 |  42 | 266 |     70.0 |    318.7 |    450.7 |   -41.2 |   -187.5 |
    |  103 | 237 | 175 | 183 | 204 |    -25.1 |   -392.5 |    555.1 |    14.8 |    230.9 |
    |  104 | 124 | 267 |  35 |  36 |    242.6 |     35.7 |     50.5 |  -142.7 |    -21.0 |
    |  105 | 231 |  97 |  95 | 147 |    687.1 |   -841.9 |   1190.6 |  -404.2 |    495.2 |
    |  106 | 281 | 226 | 334 | 118 |    -38.4 |   -229.2 |    324.2 |    22.6 |    134.8 |
    |  107 | 232 | 165 | 182 | 280 |    -54.1 |  -2369.5 |   3350.9 |    31.8 |   1393.8 |
    |  108 | 140 | 138 | 129 | 139 |    453.2 |    -53.4 |     75.5 |  -266.6 |     31.4 |
    |  109 | 117 | 134 | 159 | 277 |    189.7 |   -267.8 |    378.8 |  -111.6 |    157.6 |
    |  110 | 238 | 168 | 273 | 239 |    518.9 |   -295.1 |    417.3 |  -305.3 |    173.6 |
    |  111 | 238 | 112 | 120 | 121 |    376.5 |   -270.9 |    383.1 |  -221.4 |    159.4 |
    |  112 | 242 | 107 | 111 | 112 |    345.0 |   -376.1 |    531.9 |  -202.9 |    221.2 |
    |  113 |  78 | 255 | 250 | 256 |    242.0 |    -59.5 |     84.2 |  -142.4 |     35.0 |
    |  114 | 268 | 270 |  32 |  33 |    311.3 |    -22.8 |     32.3 |  -183.1 |     13.4 |
    |  115 | 152 | 151 | 125 | 126 |   -368.8 |  -1123.2 |   1588.5 |   216.9 |    660.7 |
    |  116 | 171 | 173 | 183 | 175 |   -185.6 |   -380.3 |    537.8 |   109.2 |    223.7 |
    |  117 | 210 | 209 | 208 | 167 |  -1877.9 |  -2445.1 |   3457.9 |  1104.6 |   1438.3 |
    |  118 | 154 | 127 | 272 | 176 |    168.3 |   -358.1 |    506.5 |   -99.0 |    210.7 |
    |  119 | 142 | 140 | 139 | 141 |    473.3 |    -52.6 |     74.4 |  -278.4 |     31.0 |
    |  120 | 138 | 121 | 128 | 129 |    399.3 |   -177.9 |    251.5 |  -234.9 |    104.6 |
    |  121 | 147 | 229 | 299 | 231 |    682.4 |  -1243.1 |   1758.0 |  -401.4 |    731.2 |
    |  122 | 252 | 251 | 254 | 253 |    344.5 |    -38.3 |     54.2 |  -202.6 |     22.5 |
    |  123 | 144 | 142 | 141 | 143 |    516.4 |     91.1 |    128.8 |  -303.8 |    -53.6 |
    |  124 | 125 | 122 | 299 | 126 |    132.7 |  -1073.8 |   1518.5 |   -78.1 |    631.6 |
    |  125 |  30 | 248 | 250 | 255 |    294.2 |    -15.1 |     21.4 |  -173.1 |      8.9 |
    |  126 | 176 | 178 | 179 | 177 |    114.6 |   -346.0 |    489.3 |   -67.4 |    203.5 |
    |  127 | 272 | 127 | 117 | 110 |    206.8 |   -290.4 |    410.7 |  -121.6 |    170.8 |
    |  128 | 244 | 217 | 202 | 200 |     88.3 |   -113.1 |    159.9 |   -52.0 |     66.5 |
    |  129 | 215 | 146 | 155 | 161 |    467.6 |    329.7 |    466.3 |  -275.1 |   -193.9 |
    |  130 | 197 | 195 | 200 | 198 |    128.1 |   -132.8 |    187.9 |   -75.4 |     78.1 |
    |  131 | 246 | 223 | 174 | 172 |   -284.3 |   -274.8 |    388.7 |   167.3 |    161.7 |
    |  132 | 204 | 183 | 224 | 213 |    -98.5 |   -339.7 |    480.4 |    57.9 |    199.8 |
    |  133 | 169 | 170 | 172 | 171 |   -325.8 |   -424.1 |    599.7 |   191.6 |    249.5 |
    |  134 | 171 | 172 | 174 | 173 |   -153.5 |   -293.4 |    414.9 |    90.3 |    172.6 |
    |  135 | 226 | 174 | 223 | 225 |   -135.9 |   -182.0 |    257.4 |    79.9 |    107.1 |
    |  136 | 197 | 159 | 194 | 195 |    156.0 |   -207.3 |    293.2 |   -91.8 |    121.9 |
    |  137 | 178 | 180 | 192 | 179 |     13.0 |   -380.2 |    537.7 |    -7.6 |    223.7 |
    |  138 | 205 | 164 | 157 | 187 |    293.1 |    157.0 |    222.1 |  -172.4 |    -92.4 |
    |  139 | 244 | 200 | 195 | 276 |    114.3 |   -170.2 |    240.7 |   -67.2 |    100.1 |
    |  140 | 176 | 177 | 279 | 154 |     74.1 |   -299.0 |    422.8 |   -43.6 |    175.9 |
    |  141 | 154 | 134 | 117 | 127 |    132.0 |   -272.7 |    385.7 |   -77.7 |    160.4 |
    |  142 | 121 | 120 | 130 | 128 |    339.0 |   -143.9 |    203.5 |  -199.4 |     84.6 |
    |  143 | 271 |  79 | 267 | 321 |    298.1 |     63.9 |     90.4 |  -175.3 |    -37.6 |
    |  144 | 134 | 158 | 194 | 159 |    109.1 |   -225.7 |    319.2 |   -64.2 |    132.8 |
    |  145 | 340 | 220 | 216 | 219 |    340.2 |    612.6 |    866.4 |  -200.1 |   -360.4 |
    |  146 | 153 | 163 | 170 | 169 |   -286.0 |   -487.6 |    689.6 |   168.2 |    286.8 |
    |  147 | 107 | 104 | 103 | 106 |    276.9 |   -462.4 |    654.0 |  -162.9 |    272.0 |
    |  148 | 226 | 281 | 173 | 174 |   -165.9 |   -285.3 |    403.4 |    97.6 |    167.8 |
    |  149 | 102 | 109 | 113 | 108 |    235.9 |   -575.9 |    814.5 |  -138.8 |    338.8 |
    |  150 | 100 | 102 | 108 | 103 |    250.3 |   -545.3 |    771.2 |  -147.2 |    320.8 |
    |  151 | 182 | 126 | 299 | 229 |    111.9 |  -1417.5 |   2004.6 |   -65.8 |    833.8 |
    |  152 | 111 | 107 | 106 | 110 |    305.0 |   -322.5 |    456.0 |  -179.4 |    189.7 |
    |  153 |  98 |  99 | 102 | 100 |    472.5 |   -627.8 |    887.9 |  -278.0 |    369.3 |
    |  154 | 103 | 104 | 278 | 100 |    430.3 |   -489.0 |    691.5 |  -253.1 |    287.6 |
    |  155 |  96 |  97 |  99 |  98 |    534.5 |   -610.9 |    864.0 |  -314.4 |    359.4 |
    |  156 | 215 | 161 | 219 | 216 |    440.4 |    403.0 |    569.9 |  -259.0 |   -237.1 |
    |  157 | 134 | 154 | 279 | 158 |    142.9 |   -289.3 |    409.1 |   -84.1 |    170.2 |
    |  158 | 109 | 114 | 115 | 113 |    -25.8 |   -630.6 |    891.9 |    15.2 |    371.0 |
    |  159 | 166 | 162 | 151 | 152 |   -440.8 |  -1012.0 |   1431.3 |   259.3 |    595.3 |
    |  160 | 144 | 145 | 155 | 146 |    469.8 |    138.4 |    195.7 |  -276.3 |    -81.4 |
    |  161 |  94 |  95 |  97 |  96 |    879.9 |   -673.6 |    952.6 |  -517.6 |    396.2 |
    |  162 |  98 | 275 | 101 |  96 |    657.6 |   -526.8 |    745.1 |  -386.8 |    309.9 |
    |  163 | 173 | 281 | 224 | 183 |    -48.9 |   -298.7 |    422.4 |    28.8 |    175.7 |
    |  164 | 164 | 155 | 145 | 157 |    356.7 |    217.5 |    307.6 |  -209.9 |   -127.9 |
    |  165 | 292 | 166 | 167 | 208 |  -1049.9 |  -1323.1 |   1871.1 |   617.6 |    778.3 |
    |  166 | 212 | 185 | 163 | 162 |   -574.7 |   -539.3 |    762.7 |   338.0 |    317.2 |
    |  167 | 212 | 222 | 243 | 185 |   -872.1 |   -496.2 |    701.8 |   513.0 |    291.9 |
    |  168 | 112 | 111 | 286 | 120 |    322.4 |   -229.3 |    324.3 |  -189.7 |    134.9 |
    |  169 | 151 | 162 | 163 | 153 |   -543.3 |   -772.7 |   1092.7 |   319.6 |    454.5 |
    |  170 | 100 | 278 | 275 |  98 |    428.3 |   -446.3 |    631.2 |  -251.9 |    262.5 |
    |  171 | 122 | 125 | 289 | 114 |   -156.7 |   -810.4 |   1146.1 |    92.2 |    476.7 |
    |  172 |  95 |  94 |  93 |  92 |   1055.0 |   -476.6 |    674.0 |  -620.6 |    280.3 |
    |  173 | 161 | 155 | 164 | 285 |    367.5 |    268.2 |    379.3 |  -216.2 |   -157.8 |
    |  174 | 110 | 106 | 288 | 272 |    186.1 |   -426.7 |    603.5 |  -109.5 |    251.0 |
    |  175 | 110 | 117 | 286 | 111 |    238.0 |   -332.6 |    470.3 |  -140.0 |    195.6 |
    |  176 | 132 | 148 | 186 | 181 |   1201.2 |    287.6 |    406.7 |  -706.6 |   -169.2 |
    |  177 |  96 | 101 | 294 |  94 |    772.3 |   -347.7 |    491.8 |  -454.3 |    204.5 |
    |  178 | 106 | 103 | 108 | 288 |    289.5 |   -437.5 |    618.8 |  -170.3 |    257.4 |
    |  179 | 120 | 286 | 296 | 130 |    280.6 |   -243.2 |    343.9 |  -165.1 |    143.1 |
    |  180 | 113 | 123 | 288 | 108 |    125.9 |   -533.2 |    754.1 |   -74.0 |    313.6 |
    |  181 | 151 | 153 | 289 | 125 |   -163.3 |   -766.4 |   1083.9 |    96.0 |    450.8 |
    |  182 | 109 | 102 |  99 | 284 |    217.1 |   -714.0 |   1009.7 |  -127.7 |    420.0 |
    |  183 | 295 | 289 | 153 | 169 |   -307.6 |   -610.0 |    862.6 |   180.9 |    358.8 |
    |  184 | 215 | 300 | 144 | 146 |    594.4 |    258.5 |    365.6 |  -349.6 |   -152.1 |
    |  185 | 295 | 115 | 114 | 289 |    -21.1 |   -608.8 |    861.0 |    12.4 |    358.1 |
    |  186 | 117 | 277 | 296 | 286 |    227.7 |   -202.2 |    285.9 |  -133.9 |    118.9 |
    |  187 |  80 | 291 | 185 | 243 |   -550.4 |   -217.3 |    307.3 |   323.8 |    127.8 |
    |  188 | 175 | 295 | 169 | 171 |   -125.4 |   -439.0 |    620.9 |    73.8 |    258.3 |
    |  189 | 141 | 149 | 287 | 143 |    430.0 |      7.0 |      9.9 |  -253.0 |     -4.1 |
    |  190 | 170 | 163 | 185 | 291 |   -537.4 |   -477.7 |    675.6 |   316.1 |    281.0 |
    |  191 | 144 | 143 | 287 | 145 |    419.9 |    141.3 |    199.9 |  -247.0 |    -83.1 |
    |  192 | 262 |  92 |  91 |  90 |   1513.3 |   -732.3 |   1035.7 |  -890.2 |    430.8 |
    |  193 | 123 | 298 | 272 | 288 |    179.0 |   -380.5 |    538.1 |  -105.3 |    223.8 |
    |  194 | 188 | 157 | 145 | 287 |    388.3 |     82.4 |    116.6 |  -228.4 |    -48.5 |
    |  195 | 148 | 132 |  93 | 133 |   1195.3 |    143.3 |    202.7 |  -703.1 |    -84.3 |
    |  196 | 132 |  91 |  92 |  93 |   1568.5 |   -372.7 |    527.1 |  -922.7 |    219.3 |
    |  197 | 124 | 323 | 321 | 267 |    244.0 |     55.5 |     78.6 |  -143.5 |    -32.7 |
    |  198 | 240 | 184 | 318 | 241 |    669.8 |   -100.9 |    142.7 |  -394.0 |     59.4 |
    |  199 |  88 |  90 |  91 |  89 |   2532.4 |   -641.2 |    906.8 | -1489.6 |    377.2 |
    |  200 | 297 | 181 | 189 | 290 |   1549.8 |    784.7 |   1109.7 |  -911.6 |   -461.6 |
    |  201 | 105 |  88 |  87 |  86 |   3524.4 |  -1478.3 |   2090.7 | -2073.2 |    869.6 |
    |  202 | 159 | 197 | 296 | 277 |    161.3 |   -195.5 |    276.5 |   -94.9 |    115.0 |
    |  203 |  94 | 294 | 133 |  93 |   1051.3 |   -345.1 |    488.0 |  -618.4 |    203.0 |
    |  204 |  49 |  50 | 308 | 203 |   2809.5 |   8493.0 |  12011.0 | -1652.6 |  -4995.9 |
    |  205 |  88 |  89 | 131 |  87 |   2853.9 |     22.9 |     32.4 | -1678.8 |    -13.5 |
    |  206 | 274 | 123 | 113 | 303 |     59.0 |   -434.0 |    613.8 |   -34.7 |    255.3 |
    |  207 | 178 | 176 | 272 | 298 |     78.9 |   -353.9 |    500.5 |   -46.4 |    208.2 |
    |  208 | 142 | 144 | 300 | 184 |    555.8 |     56.1 |     79.4 |  -326.9 |    -33.0 |
    |  209 | 302 |  84 |   6 | 201 |   5227.8 |  -7558.2 |  10688.9 | -3075.2 |   4446.0 |
    |  210 |  70 |   6 |  84 |  83 |  11453.1 |  -2995.7 |   4236.6 | -6737.1 |   1762.2 |
    |  211 | 230 | 262 |  90 | 310 |   1612.3 |  -1389.4 |   1965.0 |  -948.4 |    817.3 |
    |  212 | 181 | 297 |  91 | 132 |   1762.3 |    426.9 |    603.7 | -1036.7 |   -251.1 |
    |  213 | 236 | 160 | 234 | 315 |   1586.4 |   1988.5 |   2812.1 |  -933.2 |  -1169.7 |
    |  214 | 237 | 303 | 113 | 115 |     54.9 |   -503.4 |    711.9 |   -32.3 |    296.1 |
    |  215 | 324 | 269 | 156 | 351 |    140.9 |    190.1 |    268.9 |   -82.9 |   -111.9 |
    |  216 | 293 | 350 | 203 | 308 |   5068.3 |   6096.7 |   8622.0 | -2981.3 |  -3586.3 |
    |  217 |  84 | 302 | 105 |  86 |   3855.6 |  -2752.6 |   3892.7 | -2268.0 |   1619.2 |
    |  218 |  86 |  85 |  83 |  84 |   7081.8 |  -1669.3 |   2360.8 | -4165.8 |    982.0 |
    |  219 |  91 | 297 | 131 |  89 |   2156.6 |    -61.9 |     87.5 | -1268.6 |     36.4 |
    |  220 | 274 | 303 | 237 | 316 |     -3.3 |   -489.8 |    692.7 |     1.9 |    288.1 |
    |  221 | 251 | 252 | 328 | 249 |    312.4 |    -18.1 |     25.6 |  -183.8 |     10.6 |
    |  222 | 193 | 309 | 186 | 148 |    981.7 |    449.3 |    635.4 |  -577.5 |   -264.3 |
    |  223 |   7 |  70 |  83 | 293 |  13790.7 |   3750.6 |   5304.2 | -8112.2 |  -2206.3 |
    |  224 |  66 |  67 | 311 | 136 |   -204.9 |    -14.8 |     21.0 |   120.5 |      8.7 |
    |  225 |  36 |  37 | 312 | 124 |    180.7 |     16.6 |     23.4 |  -106.3 |     -9.8 |
    |  226 | 341 | 137 |  22 | 313 |     41.3 |    -72.3 |    102.2 |   -24.3 |     42.5 |
    |  227 |  90 |  88 | 105 | 310 |   1885.3 |  -1532.7 |   2167.5 | -1109.0 |    901.6 |
    |  228 | 133 | 294 | 241 | 318 |    855.9 |    -36.6 |     51.7 |  -503.5 |     21.5 |
    |  229 | 128 | 150 | 327 | 129 |    353.8 |    -73.7 |    104.2 |  -208.1 |     43.3 |
    |  230 |  44 |  45 |  76 | 314 |    103.1 |    981.3 |   1387.8 |   -60.7 |   -577.3 |
    |  231 |  12 | 118 | 334 |  11 |    -57.2 |   -248.1 |    350.8 |    33.7 |    145.9 |
    |  232 |  86 |  87 | 304 |  85 |   4672.8 |    415.8 |    588.0 | -2748.7 |   -244.6 |
    |  233 |  14 |  77 | 336 |  13 |    -48.1 |   -315.4 |    446.0 |    28.3 |    185.5 |
    |  234 | 349 |   8 |  71 | 307 |  -3531.8 |  19281.1 |  27267.6 |  2077.5 | -11341.8 |
    |  235 |  27 | 119 | 332 |  26 |    143.8 |    -28.4 |     40.2 |   -84.6 |     16.7 |
    |  236 | 217 | 244 | 338 | 137 |     81.4 |   -121.2 |    171.4 |   -47.9 |     71.3 |
    |  237 | 160 | 233 | 317 | 234 |   1667.9 |   2824.8 |   3994.8 |  -981.1 |  -1661.6 |
    |  238 | 237 | 204 | 319 | 316 |    -58.7 |   -372.6 |    526.9 |    34.6 |    219.2 |
    |  239 | 256 | 258 | 337 | 257 |    235.2 |    -94.5 |    133.7 |  -138.3 |     55.6 |
    |  240 |  69 |   5 | 354 | 135 |  -5362.9 | -13277.6 |  18777.3 |  3154.6 |   7810.3 |
    |  241 |  22 | 137 | 338 |  21 |      9.2 |   -108.8 |    153.9 |    -5.4 |     64.0 |
    |  242 | 197 | 199 | 331 | 296 |    226.8 |   -159.5 |    225.6 |  -133.4 |     93.9 |
    |  243 | 158 | 279 | 333 | 196 |     59.2 |   -254.0 |    359.2 |   -34.8 |    149.4 |
    |  244 |  38 |   3 |  39 | 346 |     34.5 |     34.5 |     48.8 |   -20.3 |    -20.3 |
    |  245 |  68 |   1 |   9 | 347 |    -31.9 |    -31.9 |     45.2 |    18.8 |     18.8 |
    |  246 |  23 |   2 |  24 | 348 |     16.6 |    -16.6 |     23.5 |    -9.8 |      9.8 |
    |  247 | 178 | 274 | 316 | 180 |     44.1 |   -351.1 |    496.5 |   -25.9 |    206.5 |
    |  248 | 197 | 198 | 342 | 199 |    139.2 |   -146.0 |    206.5 |   -81.9 |     85.9 |
    |  249 | 195 | 194 | 322 | 276 |     71.6 |   -180.4 |    255.1 |   -42.1 |    106.1 |
    |  250 | 209 | 357 | 228 | 116 |  -3893.4 |  -2466.3 |   3487.9 |  2290.3 |   1450.8 |
    |  251 |  72 |   8 | 306 | 305 | -19349.7 |   3751.7 |   5305.7 | 11382.2 |  -2206.9 |
    |  252 | 316 | 319 | 192 | 180 |     56.9 |   -393.6 |    556.6 |   -33.5 |    231.5 |
    |  253 | 236 | 315 | 290 | 189 |   1367.5 |   1661.0 |   2349.0 |  -804.4 |   -977.0 |
    |  254 | 158 | 196 | 322 | 194 |    108.7 |   -244.1 |    345.2 |   -64.0 |    143.6 |
    |  255 | 148 | 133 | 318 | 193 |    903.2 |     30.2 |     42.7 |  -531.3 |    -17.8 |
    |  256 | 161 | 285 | 339 | 219 |    328.5 |    406.0 |    574.1 |  -193.3 |   -238.8 |
    |  257 | 282 | 301 | 354 |   5 | -15418.2 |  -8108.1 |  11466.6 |  9069.5 |   4769.5 |
    |  258 | 293 | 308 | 283 |   7 |   9255.8 |  13337.7 |  18862.3 | -5444.6 |  -7845.7 |
    |  259 | 164 | 205 | 351 | 207 |    253.6 |    239.1 |    338.2 |  -149.2 |   -140.7 |
    |  260 | 276 | 322 | 261 |  81 |     74.4 |   -198.1 |    280.2 |   -43.8 |    116.5 |
    |  261 | 204 | 213 | 325 | 319 |     18.4 |   -350.3 |    495.4 |   -10.8 |    206.1 |
    |  262 | 213 |  77 | 263 | 325 |    -47.0 |   -330.7 |    467.6 |    27.7 |    194.5 |
    |  263 | 157 | 188 | 321 | 187 |    308.2 |    127.8 |    180.8 |  -181.3 |    -75.2 |
    |  264 | 321 | 323 | 205 | 187 |    281.5 |    130.8 |    185.0 |  -165.6 |    -77.0 |
    |  265 | 259 | 250 | 249 | 328 |    301.6 |    -74.7 |    105.6 |  -177.4 |     43.9 |
    |  266 | 181 | 186 | 320 | 189 |   1242.7 |    888.0 |   1255.8 |  -731.0 |   -522.3 |
    |  267 | 253 | 254 | 271 | 329 |    336.9 |     37.8 |     53.4 |  -198.2 |    -22.2 |
    |  268 |   7 | 283 | 307 |  71 |   1978.8 |  19107.5 |  27022.1 | -1164.0 | -11239.7 |
    |  269 |   5 |  72 | 305 | 282 | -18842.2 |  -1769.3 |   2502.2 | 11083.6 |   1040.8 |
    |  270 | 149 | 141 | 139 | 326 |    418.0 |     27.6 |     39.0 |  -245.9 |    -16.2 |
    |  271 | 297 | 290 | 343 | 131 |   2353.2 |   1154.2 |   1632.3 | -1384.2 |   -678.9 |
    |  272 | 129 | 327 | 326 | 139 |    404.4 |    -89.7 |    126.9 |  -237.9 |     52.8 |
    |  273 |  69 | 353 | 201 |   6 |   2030.6 | -11311.0 |  15996.1 | -1194.5 |   6653.5 |
    |  274 | 202 | 345 | 265 | 342 |    127.7 |    -91.9 |    129.9 |   -75.1 |     54.0 |
    |  275 | 150 | 128 | 130 | 330 |    329.8 |   -162.9 |    230.4 |  -194.0 |     95.8 |
    |  276 | 233 | 203 | 350 | 317 |   3680.2 |   4628.3 |   6545.4 | -2164.8 |  -2722.5 |
    |  277 | 191 |  25 |  26 | 332 |     94.8 |     -7.1 |     10.0 |   -55.8 |      4.2 |
    |  278 | 190 |  10 |  11 | 334 |     -1.6 |   -174.1 |    246.2 |     0.9 |    102.4 |
    |  279 | 319 | 325 | 356 | 192 |    -23.4 |   -352.4 |    498.4 |    13.8 |    207.3 |
    |  280 | 330 | 130 | 296 | 331 |    245.3 |   -135.2 |    191.2 |  -144.3 |     79.5 |
    |  281 | 177 | 179 | 335 | 214 |     19.7 |   -333.4 |    471.5 |   -11.6 |    196.1 |
    |  282 | 177 | 214 | 333 | 279 |     93.5 |   -305.0 |    431.3 |   -55.0 |    179.4 |
    |  283 | 118 |  12 |  13 | 336 |     22.7 |   -267.2 |    377.9 |   -13.3 |    157.2 |
    |  284 | 312 | 324 | 323 | 124 |    191.4 |     99.3 |    140.5 |  -112.6 |    -58.4 |
    |  285 | 264 | 265 | 345 | 119 |    178.7 |    -68.2 |     96.5 |  -105.1 |     40.1 |
    |  286 | 264 | 257 | 337 | 265 |    176.9 |    -65.6 |     92.8 |  -104.1 |     38.6 |
    |  287 | 207 | 266 |  82 | 339 |    206.5 |    389.3 |    550.6 |  -121.4 |   -229.0 |
    |  288 |  53 | 349 | 307 |  52 |  -3378.0 |  12178.7 |  17223.3 |  1987.1 |  -7164.0 |
    |  289 |  81 |  20 |  21 | 338 |     34.7 |   -148.3 |    209.7 |   -20.4 |     87.2 |
    |  290 | 217 | 218 | 345 | 202 |    122.1 |    -92.0 |    130.2 |   -71.8 |     54.1 |
    |  291 |  44 | 340 |  82 |  43 |    139.3 |    662.0 |    936.2 |   -82.0 |   -389.4 |
    |  292 | 137 | 341 | 218 | 217 |     63.1 |    -83.6 |    118.3 |   -37.1 |     49.2 |
    |  293 | 164 | 207 | 339 | 285 |    255.5 |    288.1 |    407.5 |  -150.3 |   -169.5 |
    |  294 | 135 | 354 | 352 | 344 |  -6141.5 |  -8249.9 |  11667.1 |  3612.7 |   4852.9 |
    |  295 |  37 |  38 | 346 | 312 |    116.7 |     41.6 |     58.8 |   -68.6 |    -24.4 |
    |  296 |  67 |  68 | 347 | 311 |   -128.1 |    -57.8 |     81.7 |    75.4 |     34.0 |
    |  297 |  22 |  23 | 348 | 313 |     22.5 |    -61.0 |     86.3 |   -13.2 |     35.9 |
    |  298 | 304 | 317 | 350 |  85 |   4559.4 |   1969.3 |   2785.0 | -2682.0 |  -1158.4 |
    |  299 | 200 | 202 | 342 | 198 |    146.3 |   -127.8 |    180.8 |   -86.1 |     75.2 |
    |  300 |  83 |  85 | 350 | 293 |   7943.4 |   3597.2 |   5087.2 | -4672.6 |  -2116.0 |
    |  301 |  40 | 269 | 346 |  39 |     48.3 |    122.1 |    172.6 |   -28.4 |    -71.8 |
    |  302 |  10 | 190 | 347 |   9 |    -52.7 |   -121.5 |    171.8 |    31.0 |     71.5 |
    |  303 |  25 | 191 | 348 |  24 |     63.0 |    -22.6 |     31.9 |   -37.1 |     13.3 |
    |  304 | 179 | 192 | 356 | 335 |     79.8 |   -320.2 |    452.9 |   -47.0 |    188.4 |
    |  305 | 325 | 263 | 247 | 356 |     46.4 |   -310.7 |    439.4 |   -27.3 |    182.8 |
    |  306 |  87 | 131 | 343 | 304 |   3170.0 |    425.1 |    601.2 | -1864.7 |   -250.1 |
    |  307 | 324 | 312 | 346 | 269 |    108.4 |     92.7 |    131.1 |   -63.8 |    -54.5 |
    |  308 | 225 | 311 | 347 | 190 |    -90.9 |    -99.5 |    140.7 |    53.5 |     58.5 |
    |  309 | 341 | 313 | 348 | 191 |     50.0 |    -42.4 |     59.9 |   -29.4 |     24.9 |
    |  310 | 210 | 211 | 357 | 209 |  -2083.2 |  -2763.0 |   3907.5 |  1225.4 |   1625.3 |
    |  311 | 228 | 357 | 211 | 352 |  -3451.2 |  -3838.1 |   5427.9 |  2030.1 |   2257.7 |
    |  312 | 344 | 353 |  69 | 135 |  -1113.4 | -12000.0 |  16970.6 |   654.9 |   7058.8 |
    |  313 |  57 | 206 | 354 | 301 |  -8328.1 |  -4303.8 |   6086.5 |  4898.9 |   2531.7 |
    |  314 |   4 |  54 | 306 | 355 |  -6532.9 |   1290.8 |   1825.5 |  3842.9 |   -759.3 |
    |  315 | 199 | 342 | 265 | 337 |    201.8 |   -110.4 |    156.1 |  -118.7 |     64.9 |
    |  316 | 323 | 324 | 351 | 205 |    191.1 |    132.6 |    187.5 |  -112.4 |    -78.0 |
    |  317 |   8 | 349 | 355 | 306 | -13009.6 |  13426.0 |  18987.2 |  7652.7 |  -7897.6 |
    |  318 |  73 | 335 | 356 | 247 |     -1.1 |   -325.4 |    460.2 |     0.7 |    191.4 |
    |  319 |   4 | 355 | 349 |  53 |  -1339.7 |   6658.4 |   9416.3 |   788.1 |  -3916.7 |
    |  320 | 235 | 344 | 352 | 211 |  -2650.5 |  -5353.9 |   7571.6 |  1559.1 |   3149.4 |
    |  321 | 228 | 352 | 354 | 206 |  -5905.2 |  -3235.3 |   4575.4 |  3473.7 |   1903.1 |
    +------+-----+-----+-----+-----+----------+----------+----------+---------+----------+
